Ns	time/s	cycle number	Ecell/V	I/mA	Q charge/mA,h	Q discharge/mA,h		
0	0,000000000000000E+000	0,000000000000000E+000	4,0852890E+000	-1,2978420E+003	0,000000000000000E+000	0,000000000000000E+000	0
0	6,000000284984708E+001	0,000000000000000E+000	4,0425930E+000	-1,2986301E+003	0,000000000000000E+000	2,164395493930393E+001	0
0	1,200000056996942E+002	0,000000000000000E+000	4,0269165E+000	-1,2980391E+003	0,000000000000000E+000	4,328387476650661E+001	0
0	1,800000085495412E+002	0,000000000000000E+000	4,0141158E+000	-1,2986301E+003	0,000000000000000E+000	6,492313393134222E+001	0
0	2,400000113993883E+002	0,000000000000000E+000	4,0021811E+000	-1,2988271E+003	0,000000000000000E+000	8,656178004638670E+001	0
0	3,000000142492354E+002	0,000000000000000E+000	3,9907591E+000	-1,2986301E+003	0,000000000000000E+000	1,082004703771972E+002	0
0	3,600000170990825E+002	0,000000000000000E+000	3,9796124E+000	-1,2978420E+003	0,000000000000000E+000	1,298385455758328E+002	0
0	4,200000199489295E+002	0,000000000000000E+000	3,9685838E+000	-1,2988271E+003	0,000000000000000E+000	1,514767440395779E+002	0
0	4,800000227987766E+002	0,000000000000000E+000	3,9578705E+000	-1,2980391E+003	0,000000000000000E+000	1,731149269463433E+002	0
0	5,400000256486237E+002	0,000000000000000E+000	3,9471176E+000	-1,2986301E+003	0,000000000000000E+000	1,947528109299045E+002	0
0	6,000000284984708E+002	0,000000000000000E+000	3,9366012E+000	-1,2986301E+003	0,000000000000000E+000	2,163905878788927E+002	0
0	6,600000313483179E+002	0,000000000000000E+000	3,9261634E+000	-1,2984330E+003	0,000000000000000E+000	2,380288174103461E+002	0
0	7,200000341981649E+002	0,000000000000000E+000	3,9159620E+000	-1,2982360E+003	0,000000000000000E+000	2,596668108530002E+002	0
0	7,800000370480120E+002	0,000000000000000E+000	3,9055638E+000	-1,2988271E+003	0,000000000000000E+000	2,813046046593560E+002	0
0	8,400000398978591E+002	0,000000000000000E+000	3,8954017E+000	-1,2978420E+003	0,000000000000000E+000	3,029427959993490E+002	0
0	9,000000427477062E+002	0,000000000000000E+000	3,8853974E+000	-1,2984330E+003	0,000000000000000E+000	3,245805907838271E+002	0
0	9,600000455975533E+002	0,000000000000000E+000	3,8753929E+000	-1,2978420E+003	0,000000000000000E+000	3,462183228565810E+002	0
0	1,020000048447400E+003	0,000000000000000E+000	3,8655066E+000	-1,2974480E+003	0,000000000000000E+000	3,678556491890463E+002	0
0	1,080000051297247E+003	0,000000000000000E+000	3,8557780E+000	-1,2982360E+003	0,000000000000000E+000	3,894929364432780E+002	0
0	1,140000054147094E+003	0,000000000000000E+000	3,8461673E+000	-1,2980391E+003	0,000000000000000E+000	4,111301537491863E+002	0
0	1,200000056996942E+003	0,000000000000000E+000	3,8365569E+000	-1,2978420E+003	0,000000000000000E+000	4,327674297272407E+002	0
0	1,260000059846789E+003	0,000000000000000E+000	3,8271825E+000	-1,2980391E+003	0,000000000000000E+000	4,544045020256891E+002	0
0	1,320000062696636E+003	0,000000000000000E+000	3,8176901E+000	-1,2984330E+003	0,000000000000000E+000	4,760413606614855E+002	0
0	1,380000065546483E+003	0,000000000000000E+000	3,8084736E+000	-1,2988271E+003	0,000000000000000E+000	4,976783812845188E+002	0
0	1,440000068396330E+003	0,000000000000000E+000	3,7992175E+000	-1,2978420E+003	0,000000000000000E+000	5,193154055267335E+002	0
0	1,500000071246177E+003	0,000000000000000E+000	3,7900796E+000	-1,2984330E+003	0,000000000000000E+000	5,409524386357965E+002	0
0	1,560000074096024E+003	0,000000000000000E+000	3,7808628E+000	-1,2990242E+003	0,000000000000000E+000	5,625894846540664E+002	0
0	1,620000076945871E+003	0,000000000000000E+000	3,7717249E+000	-1,2978420E+003	0,000000000000000E+000	5,842267984971111E+002	0
0	1,680000079795718E+003	0,000000000000000E+000	3,7627840E+000	-1,2978420E+003	0,000000000000000E+000	6,058638380617948E+002	0
0	1,740000082645565E+003	0,000000000000000E+000	3,7538431E+000	-1,2980391E+003	0,000000000000000E+000	6,275009011643474E+002	0
0	1,800000085495412E+003	0,000000000000000E+000	3,7449808E+000	-1,2982360E+003	0,000000000000000E+000	6,491379013267009E+002	0
0	1,860000088345259E+003	0,000000000000000E+000	3,7361579E+000	-1,2978420E+003	0,000000000000000E+000	6,707749046681722E+002	0
0	1,920000091195107E+003	0,000000000000000E+000	3,7274532E+000	-1,2980391E+003	0,000000000000000E+000	6,924121729917399E+002	0
0	1,980000094044954E+003	0,000000000000000E+000	3,7189062E+000	-1,2978420E+003	0,000000000000000E+000	7,140492168347846E+002	0
0	2,040000096894801E+003	0,000000000000000E+000	3,7102804E+000	-1,2982360E+003	0,000000000000000E+000	7,356858998076714E+002	0
0	2,100000099744648E+003	0,000000000000000E+000	3,7018909E+000	-1,2984330E+003	0,000000000000000E+000	7,573228283823648E+002	0
0	2,160000102594495E+003	0,000000000000000E+000	3,6936982E+000	-1,2980391E+003	0,000000000000000E+000	7,789599903138562E+002	0
0	2,220000105444342E+003	0,000000000000000E+000	3,6855056E+000	-1,2982360E+003	0,000000000000000E+000	8,005969193327500E+002	0
0	2,280000108294189E+003	0,000000000000000E+000	3,6774311E+000	-1,2988271E+003	0,000000000000000E+000	8,222342331804740E+002	0
0	2,340000111144036E+003	0,000000000000000E+000	3,6696324E+000	-1,2978420E+003	0,000000000000000E+000	8,438714416392685E+002	0
0	2,400000113993883E+003	0,000000000000000E+000	3,6619124E+000	-1,2982360E+003	0,000000000000000E+000	8,655088096604409E+002	0
0	2,460000116843730E+003	0,000000000000000E+000	3,6543500E+000	-1,2984330E+003	0,000000000000000E+000	8,871465039555526E+002	0
0	2,520000119693577E+003	0,000000000000000E+000	3,6471422E+000	-1,2988271E+003	0,000000000000000E+000	9,087843798423934E+002	0
0	2,580000122543424E+003	0,000000000000000E+000	3,6398554E+000	-1,2980391E+003	0,000000000000000E+000	9,304223869629582E+002	0
0	2,640000125393271E+003	0,000000000000000E+000	3,6329234E+000	-1,2976450E+003	0,000000000000000E+000	9,520600881658933E+002	0
0	2,700000128243119E+003	0,000000000000000E+000	3,6261880E+000	-1,2980391E+003	0,000000000000000E+000	9,736975876444495E+002	0
0	2,760000131092966E+003	0,000000000000000E+000	3,6196496E+000	-1,2984330E+003	0,000000000000000E+000	9,953349043399384E+002	0
0	2,820000133942813E+003	0,000000000000000E+000	3,6131508E+000	-1,2976450E+003	0,000000000000000E+000	1,016971942704332E+003	0
0	2,880000136792660E+003	0,000000000000000E+000	3,6068487E+000	-1,2982360E+003	0,000000000000000E+000	1,038609174893731E+003	0
0	2,940000139642507E+003	0,000000000000000E+000	3,6008618E+000	-1,2990242E+003	0,000000000000000E+000	1,060246646243286E+003	0
0	3,000000142492354E+003	0,000000000000000E+000	3,5950718E+000	-1,2974480E+003	0,000000000000000E+000	1,081884036603529E+003	0
0	3,060000145342201E+003	0,000000000000000E+000	3,5892031E+000	-1,2984330E+003	0,000000000000000E+000	1,103521609641248E+003	0
0	3,120000148192048E+003	0,000000000000000E+000	3,5836101E+000	-1,2982360E+003	0,000000000000000E+000	1,125159073432956E+003	0
0	3,180000151041895E+003	0,000000000000000E+000	3,5782139E+000	-1,2982360E+003	0,000000000000000E+000	1,146796443648749E+003	0
0	3,240000153891742E+003	0,000000000000000E+000	3,5728967E+000	-1,2984330E+003	0,000000000000000E+000	1,168433729472046E+003	0
0	3,300000156741589E+003	0,000000000000000E+000	3,5678551E+000	-1,2980391E+003	0,000000000000000E+000	1,190070865023464E+003	0
0	3,360000159591436E+003	0,000000000000000E+000	3,5630105E+000	-1,2988271E+003	0,000000000000000E+000	1,211708446691352E+003	0
0	3,420000162441283E+003	0,000000000000000E+000	3,5582838E+000	-1,2984330E+003	0,000000000000000E+000	1,233346046316799E+003	0
0	3,480000165291131E+003	0,000000000000000E+000	3,5535574E+000	-1,2980391E+003	0,000000000000000E+000	1,254983800166083E+003	0
0	3,540000168140978E+003	0,000000000000000E+000	3,5490673E+000	-1,2984330E+003	0,000000000000000E+000	1,276621584881252E+003	0
0	3,600000170990825E+003	0,000000000000000E+000	3,5447345E+000	-1,2984330E+003	0,000000000000000E+000	1,298259242305976E+003	0
0	3,660000173840672E+003	0,000000000000000E+000	3,5404806E+000	-1,2980391E+003	0,000000000000000E+000	1,319896899184841E+003	0
0	3,720000176690519E+003	0,000000000000000E+000	3,5361481E+000	-1,2978420E+003	0,000000000000000E+000	1,341534599624701E+003	0
0	3,780000179540366E+003	0,000000000000000E+000	3,5318942E+000	-1,2980391E+003	0,000000000000000E+000	1,363172374050021E+003	0
0	3,840000182390213E+003	0,000000000000000E+000	3,5280735E+000	-1,2984330E+003	0,000000000000000E+000	1,384809879220377E+003	0
0	3,900000185240060E+003	0,000000000000000E+000	3,5240955E+000	-1,2990242E+003	0,000000000000000E+000	1,406447571884358E+003	0
0	3,960000188089907E+003	0,000000000000000E+000	3,5202749E+000	-1,2976450E+003	0,000000000000000E+000	1,428084972744480E+003	0
0	4,020000190939754E+003	0,000000000000000E+000	3,5164938E+000	-1,2986301E+003	0,000000000000000E+000	1,449722372840915E+003	0
0	4,080000193789601E+003	0,000000000000000E+000	3,5125945E+000	-1,2980391E+003	0,000000000000000E+000	1,471359445456136E+003	0
0	4,140000196639448E+003	0,000000000000000E+000	3,5089314E+000	-1,2986301E+003	0,000000000000000E+000	1,492996895900879E+003	0
0	4,200000199489295E+003	0,000000000000000E+000	3,5053470E+000	-1,2980391E+003	0,000000000000000E+000	1,514634347886353E+003	0
0	4,260000202339143E+003	0,000000000000000E+000	3,5014477E+000	-1,2988271E+003	0,000000000000000E+000	1,536271839916450E+003	0
0	4,320000205188990E+003	0,000000000000000E+000	3,4976664E+000	-1,2982360E+003	0,000000000000000E+000	1,557909296930881E+003	0
0	4,380000208038837E+003	0,000000000000000E+000	3,4941609E+000	-1,2978420E+003	0,000000000000000E+000	1,579546871283434E+003	0
0	4,440000210888684E+003	0,000000000000000E+000	3,4905374E+000	-1,2984330E+003	0,000000000000000E+000	1,601184581341214E+003	0
0	4,500000213738531E+003	0,000000000000000E+000	3,4870319E+000	-1,2986301E+003	0,000000000000000E+000	1,622822617914903E+003	0
0	4,560000216588378E+003	0,000000000000000E+000	3,4834082E+000	-1,2988271E+003	0,000000000000000E+000	1,644460516128336E+003	0
0	4,620000219438225E+003	0,000000000000000E+000	3,4798238E+000	-1,2990242E+003	0,000000000000000E+000	1,666098395298394E+003	0
0	4,680000222288072E+003	0,000000000000000E+000	3,4761608E+000	-1,2976450E+003	0,000000000000000E+000	1,687736233426920E+003	0
0	4,740000225137919E+003	0,000000000000000E+000	3,4726553E+000	-1,2986301E+003	0,000000000000000E+000	1,709374072757839E+003	0
0	4,800000227987766E+003	0,000000000000000E+000	3,4688742E+000	-1,2988271E+003	0,000000000000000E+000	1,731012058531968E+003	0
0	4,860000230837613E+003	0,000000000000000E+000	3,4651325E+000	-1,2986301E+003	0,000000000000000E+000	1,752649927425605E+003	0
0	4,920000233687460E+003	0,000000000000000E+000	3,4614298E+000	-1,2980391E+003	0,000000000000000E+000	1,774287754498562E+003	0
0	4,980000236537308E+003	0,000000000000000E+000	3,4575305E+000	-1,2980391E+003	0,000000000000000E+000	1,795925667827691E+003	0
0	5,040000239387155E+003	0,000000000000000E+000	3,4536705E+000	-1,2980391E+003	0,000000000000000E+000	1,817563695753309E+003	0
0	5,100000242237002E+003	0,000000000000000E+000	3,4498105E+000	-1,2980391E+003	0,000000000000000E+000	1,839201953412272E+003	0
0	5,160000245086849E+003	0,000000000000000E+000	3,4459112E+000	-1,2984330E+003	0,000000000000000E+000	1,860839431007080E+003	0
0	5,220000247936696E+003	0,000000000000000E+000	3,4418542E+000	-1,2986301E+003	0,000000000000000E+000	1,882476730737779E+003	0
0	5,280000250786543E+003	0,000000000000000E+000	3,4376793E+000	-1,2986301E+003	0,000000000000000E+000	1,904114485353936E+003	0
0	5,340000253636390E+003	0,000000000000000E+000	3,4333467E+000	-1,2986301E+003	0,000000000000000E+000	1,925752045799899E+003	0
0	5,400000256486237E+003	0,000000000000000E+000	3,4289353E+000	-1,2992211E+003	0,000000000000000E+000	1,947390007613389E+003	0
0	5,460000259336084E+003	0,000000000000000E+000	3,4242482E+000	-1,2988271E+003	0,000000000000000E+000	1,969028022837795E+003	0
0	5,520000262185931E+003	0,000000000000000E+000	3,4193640E+000	-1,2978420E+003	0,000000000000000E+000	1,990665782385728E+003	0
0	5,580000265035778E+003	0,000000000000000E+000	3,4144800E+000	-1,2984330E+003	0,000000000000000E+000	2,012303749220784E+003	0
0	5,640000267885625E+003	0,000000000000000E+000	3,4088869E+000	-1,2984330E+003	0,000000000000000E+000	2,033941772318183E+003	0
0	5,700000270735472E+003	0,000000000000000E+000	3,4032938E+000	-1,2988271E+003	0,000000000000000E+000	2,055580058006592E+003	0
0	5,760000273585320E+003	0,000000000000000E+000	3,3975434E+000	-1,2984330E+003	0,000000000000000E+000	2,077218271017252E+003	0
0	5,820000276435167E+003	0,000000000000000E+000	3,3913989E+000	-1,2980391E+003	0,000000000000000E+000	2,098856372385525E+003	0
0	5,880000279285014E+003	0,000000000000000E+000	3,3847818E+000	-1,2982360E+003	0,000000000000000E+000	2,120494467396850E+003	0
0	5,940000282134861E+003	0,000000000000000E+000	3,3780465E+000	-1,2986301E+003	0,000000000000000E+000	2,142132557923448E+003	0
0	6,000000284984708E+003	0,000000000000000E+000	3,3707597E+000	-1,2990242E+003	0,000000000000000E+000	2,163770565143704E+003	0
0	6,060000287834555E+003	0,000000000000000E+000	3,3631186E+000	-1,2984330E+003	0,000000000000000E+000	2,185408724187825E+003	0
0	6,120000290684402E+003	0,000000000000000E+000	3,3546503E+000	-1,2986301E+003	0,000000000000000E+000	2,207046793157687E+003	0
0	6,180000293534249E+003	0,000000000000000E+000	3,3457882E+000	-1,2978420E+003	0,000000000000000E+000	2,228684304139472E+003	0
0	6,240000296384096E+003	0,000000000000000E+000	3,3364928E+000	-1,2980391E+003	0,000000000000000E+000	2,250322057316691E+003	0
0	6,300000299233943E+003	0,000000000000000E+000	3,3260550E+000	-1,2980391E+003	0,000000000000000E+000	2,271959758844604E+003	0
0	6,360000302083790E+003	0,000000000000000E+000	3,3145933E+000	-1,2982360E+003	0,000000000000000E+000	2,293597565670776E+003	0
0	6,420000304933637E+003	0,000000000000000E+000	3,3008471E+000	-1,2978420E+003	0,000000000000000E+000	2,315235648648207E+003	0
0	6,480000307783484E+003	0,000000000000000E+000	3,2839892E+000	-1,2980391E+003	0,000000000000000E+000	2,336873818958808E+003	0
0	6,540000310633332E+003	0,000000000000000E+000	3,2611444E+000	-1,2984330E+003	0,000000000000000E+000	2,358512173049113E+003	0
0	6,600000313483179E+003	0,000000000000000E+000	3,2279406E+000	-1,2978420E+003	0,000000000000000E+000	2,380150059321832E+003	0
0	6,660000316333026E+003	0,000000000000000E+000	3,1740978E+000	-1,2986301E+003	0,000000000000000E+000	2,401788239819472E+003	0
0	6,720000319182873E+003	0,000000000000000E+000	3,0851214E+000	-1,2980391E+003	0,000000000000000E+000	2,423426151936374E+003	0
0	6,780000322032720E+003	0,000000000000000E+000	2,9466348E+000	-1,2982360E+003	0,000000000000000E+000	2,445063970250990E+003	0
0	6,838354324804386E+003	0,000000000000000E+000	2,7499728E+000	-1,2982360E+003	0,000000000000000E+000	2,466108597056749E+003	0
0	6,838356324804481E+003	0,000000000000000E+000	2,7499728E+000	-1,2982360E+003	0,000000000000000E+000	2,466109318298950E+003	0
1	6,838360324804671E+003	1,000000000000000E+000	2,9200482E+000	1,2862069E+003	7,145593939887153E-004	0,000000000000000E+000	0
1	6,898360327654518E+003	1,000000000000000E+000	3,5603321E+000	1,3021652E+003	2,170594787550184E+001	0,000000000000000E+000	0
1	6,958360330504365E+003	1,000000000000000E+000	3,5773475E+000	1,3029531E+003	4,341028354112413E+001	0,000000000000000E+000	0
1	7,018360333354212E+003	1,000000000000000E+000	3,5862885E+000	1,3027561E+003	6,511496638563368E+001	0,000000000000000E+000	0
1	7,078360336204059E+003	1,000000000000000E+000	3,5944810E+000	1,3031501E+003	8,681972092658148E+001	0,000000000000000E+000	0
1	7,138360339053907E+003	1,000000000000000E+000	3,6031857E+000	1,3023622E+003	1,085242399279107E+002	0,000000000000000E+000	0
1	7,198360341903754E+003	1,000000000000000E+000	3,6122448E+000	1,3027561E+003	1,302289644862874E+002	0,000000000000000E+000	0
1	7,258360344753601E+003	1,000000000000000E+000	3,6221704E+000	1,3021652E+003	1,519336282974582E+002	0,000000000000000E+000	0
1	7,318360347603448E+003	1,000000000000000E+000	3,6321750E+000	1,3025592E+003	1,736380888572184E+002	0,000000000000000E+000	0
1	7,378360350453295E+003	1,000000000000000E+000	3,6418643E+000	1,3019680E+003	1,953425232444933E+002	0,000000000000000E+000	0
1	7,438360353303142E+003	1,000000000000000E+000	3,6515143E+000	1,3027561E+003	2,170472106908501E+002	0,000000000000000E+000	0
1	7,498360356152989E+003	1,000000000000000E+000	3,6605339E+000	1,3017710E+003	2,387517875941298E+002	0,000000000000000E+000	0
1	7,558360359002836E+003	1,000000000000000E+000	3,6693568E+000	1,3019680E+003	2,604559210936822E+002	0,000000000000000E+000	0
1	7,618360361852683E+003	1,000000000000000E+000	3,6776280E+000	1,3011801E+003	2,821600397067600E+002	0,000000000000000E+000	0
1	7,678360364702530E+003	1,000000000000000E+000	3,6853874E+000	1,3031501E+003	3,038643832430691E+002	0,000000000000000E+000	0
1	7,738360367552377E+003	1,000000000000000E+000	3,6920440E+000	1,3021652E+003	3,255683515701633E+002	0,000000000000000E+000	0
1	7,798360370402224E+003	1,000000000000000E+000	3,6981096E+000	1,3021652E+003	3,472721936039903E+002	0,000000000000000E+000	0
1	7,858360373252071E+003	1,000000000000000E+000	3,7030330E+000	1,3023622E+003	3,689761285462103E+002	0,000000000000000E+000	0
1	7,918360376101919E+003	1,000000000000000E+000	3,7070506E+000	1,3027561E+003	3,906799667367892E+002	0,000000000000000E+000	0
1	7,978360378951766E+003	1,000000000000000E+000	3,7105167E+000	1,3021652E+003	4,123837732982719E+002	0,000000000000000E+000	0
1	8,038360381801613E+003	1,000000000000000E+000	3,7133527E+000	1,3019680E+003	4,340878143096245E+002	0,000000000000000E+000	0
1	8,098360384651460E+003	1,000000000000000E+000	3,7160704E+000	1,3027561E+003	4,557917224400499E+002	0,000000000000000E+000	0
1	8,158360387501307E+003	1,000000000000000E+000	3,7187092E+000	1,3017710E+003	4,774956140419515E+002	0,000000000000000E+000	0
1	8,218360390351154E+003	1,000000000000000E+000	3,7213876E+000	1,3019680E+003	4,991996662082926E+002	0,000000000000000E+000	0
1	8,278360393201001E+003	1,000000000000000E+000	3,7240660E+000	1,3025592E+003	5,209040502498373E+002	0,000000000000000E+000	0
1	8,338360396050848E+003	1,000000000000000E+000	3,7268231E+000	1,3027561E+003	5,426081873590089E+002	0,000000000000000E+000	0
1	8,398360398900695E+003	1,000000000000000E+000	3,7294621E+000	1,3021652E+003	5,643122016684978E+002	0,000000000000000E+000	0
1	8,458360401750542E+003	1,000000000000000E+000	3,7323768E+000	1,3017710E+003	5,860162361113825E+002	0,000000000000000E+000	0
1	8,518360404600389E+003	1,000000000000000E+000	3,7354097E+000	1,3025592E+003	6,077201826539443E+002	0,000000000000000E+000	0
1	8,578360407450236E+003	1,000000000000000E+000	3,7383244E+000	1,3017710E+003	6,294241206703017E+002	0,000000000000000E+000	0
1	8,638360410300083E+003	1,000000000000000E+000	3,7413964E+000	1,3021652E+003	6,511279741842313E+002	0,000000000000000E+000	0
1	8,698360413149931E+003	1,000000000000000E+000	3,7445476E+000	1,3015741E+003	6,728318673229303E+002	0,000000000000000E+000	0
1	8,758360415999778E+003	1,000000000000000E+000	3,7477379E+000	1,3019680E+003	6,945354941565620E+002	0,000000000000000E+000	0
1	8,818360418849625E+003	1,000000000000000E+000	3,7508495E+000	1,3023622E+003	7,162391487955730E+002	0,000000000000000E+000	0
1	8,878360421699472E+003	1,000000000000000E+000	3,7541580E+000	1,3027561E+003	7,379431897034370E+002	0,000000000000000E+000	0
1	8,938360424549319E+003	1,000000000000000E+000	3,7573092E+000	1,3019680E+003	7,596475963000489E+002	0,000000000000000E+000	0
1	8,998360427399166E+003	1,000000000000000E+000	3,7606177E+000	1,3019680E+003	7,813519398583308E+002	0,000000000000000E+000	0
1	9,058360430249013E+003	1,000000000000000E+000	3,7640049E+000	1,3031501E+003	8,030560646045601E+002	0,000000000000000E+000	0
1	9,118360433098860E+003	1,000000000000000E+000	3,7675104E+000	1,3021652E+003	8,247604212737360E+002	0,000000000000000E+000	0
1	9,178360435948707E+003	1,000000000000000E+000	3,7709372E+000	1,3025592E+003	8,464646676213923E+002	0,000000000000000E+000	0
1	9,238360438798554E+003	1,000000000000000E+000	3,7744820E+000	1,3023622E+003	8,681686743707955E+002	0,000000000000000E+000	0
1	9,298360441648401E+003	1,000000000000000E+000	3,7779875E+000	1,3025592E+003	8,898726029706490E+002	0,000000000000000E+000	0
1	9,358360444498248E+003	1,000000000000000E+000	3,7814536E+000	1,3027561E+003	9,115764107363555E+002	0,000000000000000E+000	0
1	9,418360447348095E+003	1,000000000000000E+000	3,7851167E+000	1,3023622E+003	9,332804429883493E+002	0,000000000000000E+000	0
1	9,478360450197943E+003	1,000000000000000E+000	3,7885828E+000	1,3025592E+003	9,549843771660022E+002	0,000000000000000E+000	0
1	9,538360453047790E+003	1,000000000000000E+000	3,7923245E+000	1,3021652E+003	9,766886030446371E+002	0,000000000000000E+000	0
1	9,598360455897637E+003	1,000000000000000E+000	3,7961059E+000	1,3025592E+003	9,983926033458117E+002	0,000000000000000E+000	0
1	9,658360458747484E+003	1,000000000000000E+000	3,7996507E+000	1,3019680E+003	1,020096572553575E+003	0,000000000000000E+000	0
1	9,718360461597331E+003	1,000000000000000E+000	3,8036683E+000	1,3019680E+003	1,041800785083076E+003	0,000000000000000E+000	0
1	9,778360464447178E+003	1,000000000000000E+000	3,8074889E+000	1,3013771E+003	1,063504953389486E+003	0,000000000000000E+000	0
1	9,838360467297025E+003	1,000000000000000E+000	3,8116245E+000	1,3013771E+003	1,085209043770345E+003	0,000000000000000E+000	0
1	9,898360470146872E+003	1,000000000000000E+000	3,8159571E+000	1,3019680E+003	1,106913101648356E+003	0,000000000000000E+000	0
1	9,958360472996719E+003	1,000000000000000E+000	3,8202503E+000	1,3025592E+003	1,128616957015856E+003	0,000000000000000E+000	0
1	1,001836047584657E+004	1,000000000000000E+000	3,8247406E+000	1,3025592E+003	1,150320796641439E+003	0,000000000000000E+000	0
1	1,007836047869641E+004	1,000000000000000E+000	3,8294277E+000	1,3023622E+003	1,172024376417236E+003	0,000000000000000E+000	0
1	1,013836048154626E+004	1,000000000000000E+000	3,8343117E+000	1,3021652E+003	1,193728409771729E+003	0,000000000000000E+000	0
1	1,019836048439611E+004	1,000000000000000E+000	3,8393140E+000	1,3029531E+003	1,215432613106825E+003	0,000000000000000E+000	0
1	1,025836048724595E+004	1,000000000000000E+000	3,8444343E+000	1,3023622E+003	1,237136657952271E+003	0,000000000000000E+000	0
1	1,031836049009580E+004	1,000000000000000E+000	3,8499093E+000	1,3025592E+003	1,258840483677978E+003	0,000000000000000E+000	0
1	1,037836049294565E+004	1,000000000000000E+000	3,8555417E+000	1,3015741E+003	1,280544507727661E+003	0,000000000000000E+000	0
1	1,043836049579550E+004	1,000000000000000E+000	3,8612921E+000	1,3017710E+003	1,302248529802517E+003	0,000000000000000E+000	0
1	1,049836049864534E+004	1,000000000000000E+000	3,8672397E+000	1,3023622E+003	1,323952388031887E+003	0,000000000000000E+000	0
1	1,055836050149519E+004	1,000000000000000E+000	3,8733842E+000	1,3017710E+003	1,345656273181356E+003	0,000000000000000E+000	0
1	1,061836050434504E+004	1,000000000000000E+000	3,8796074E+000	1,3019680E+003	1,367360141370918E+003	0,000000000000000E+000	0
1	1,067836050719488E+004	1,000000000000000E+000	3,8860669E+000	1,3015741E+003	1,389063987883030E+003	0,000000000000000E+000	0
1	1,073836051004473E+004	1,000000000000000E+000	3,8926053E+000	1,3023622E+003	1,410767784040527E+003	0,000000000000000E+000	0
1	1,079836051289458E+004	1,000000000000000E+000	3,8994586E+000	1,3031501E+003	1,432471507304213E+003	0,000000000000000E+000	0
1	1,085836051574443E+004	1,000000000000000E+000	3,9064696E+000	1,3031501E+003	1,454174837736138E+003	0,000000000000000E+000	0
1	1,091836051859427E+004	1,000000000000000E+000	3,9136777E+000	1,3023622E+003	1,475878274995049E+003	0,000000000000000E+000	0
1	1,097836052144412E+004	1,000000000000000E+000	3,9212794E+000	1,3013771E+003	1,497581887925890E+003	0,000000000000000E+000	0
1	1,103836052429397E+004	1,000000000000000E+000	3,9287632E+000	1,3007861E+003	1,519285529092678E+003	0,000000000000000E+000	0
1	1,109836052714381E+004	1,000000000000000E+000	3,9364829E+000	1,3019680E+003	1,540989244790310E+003	0,000000000000000E+000	0
1	1,115836052999366E+004	1,000000000000000E+000	3,9443605E+000	1,3019680E+003	1,562692896689385E+003	0,000000000000000E+000	0
1	1,121836053284351E+004	1,000000000000000E+000	3,9522774E+000	1,3021652E+003	1,584396515207180E+003	0,000000000000000E+000	0
1	1,127836053569335E+004	1,000000000000000E+000	3,9605489E+000	1,3027561E+003	1,606100280058933E+003	0,000000000000000E+000	0
1	1,133836053854320E+004	1,000000000000000E+000	3,9684656E+000	1,3019680E+003	1,627803780360921E+003	0,000000000000000E+000	0
1	1,139836054139305E+004	1,000000000000000E+000	3,9766583E+000	1,3027561E+003	1,649507334087592E+003	0,000000000000000E+000	0
1	1,145836054424290E+004	1,000000000000000E+000	3,9848902E+000	1,3023622E+003	1,671211089306708E+003	0,000000000000000E+000	0
1	1,151836054709274E+004	1,000000000000000E+000	3,9930434E+000	1,3027561E+003	1,692915043086005E+003	0,000000000000000E+000	0
1	1,157836054994259E+004	1,000000000000000E+000	4,0012755E+000	1,3015741E+003	1,714618715776571E+003	0,000000000000000E+000	0
1	1,163836055279244E+004	1,000000000000000E+000	4,0093498E+000	1,3027561E+003	1,736322431384142E+003	0,000000000000000E+000	0
1	1,169836055564228E+004	1,000000000000000E+000	4,0175819E+000	1,3027561E+003	1,758026271987644E+003	0,000000000000000E+000	0
1	1,175836055849213E+004	1,000000000000000E+000	4,0257745E+000	1,3021652E+003	1,779730136987101E+003	0,000000000000000E+000	0
1	1,181836056134198E+004	1,000000000000000E+000	4,0338883E+000	1,3023622E+003	1,801433895270860E+003	0,000000000000000E+000	0
1	1,187836056419183E+004	1,000000000000000E+000	4,0421596E+000	1,3019680E+003	1,823137608467543E+003	0,000000000000000E+000	0
1	1,193836056704167E+004	1,000000000000000E+000	4,0506282E+000	1,3023622E+003	1,844841183083767E+003	0,000000000000000E+000	0
1	1,199836056989152E+004	1,000000000000000E+000	4,0589385E+000	1,3029531E+003	1,866544820647108E+003	0,000000000000000E+000	0
1	1,205836057274137E+004	1,000000000000000E+000	4,0675645E+000	1,3023622E+003	1,888248588794216E+003	0,000000000000000E+000	0
1	1,211836057559121E+004	1,000000000000000E+000	4,0762300E+000	1,3023622E+003	1,909952294215223E+003	0,000000000000000E+000	0
1	1,217836057844106E+004	1,000000000000000E+000	4,0851316E+000	1,3021652E+003	1,931655979828559E+003	0,000000000000000E+000	0
1	1,223836058129091E+004	1,000000000000000E+000	4,0942302E+000	1,3025592E+003	1,953359719514160E+003	0,000000000000000E+000	0
1	1,229836058414076E+004	1,000000000000000E+000	4,1036043E+000	1,3029531E+003	1,975063697486708E+003	0,000000000000000E+000	0
1	1,235836058699060E+004	1,000000000000000E+000	4,1129389E+000	1,3027561E+003	1,996767634954766E+003	0,000000000000000E+000	0
1	1,241836058984045E+004	1,000000000000000E+000	4,1226678E+000	1,3023622E+003	2,018471634268934E+003	0,000000000000000E+000	0
1	1,247836059269030E+004	1,000000000000000E+000	4,1324754E+000	1,3019680E+003	2,040175369790920E+003	0,000000000000000E+000	0
1	1,253836059554014E+004	1,000000000000000E+000	4,1424799E+000	1,3023622E+003	2,061879171964857E+003	0,000000000000000E+000	0
1	1,259836059838999E+004	1,000000000000000E+000	4,1526809E+000	1,3021652E+003	2,083582796070760E+003	0,000000000000000E+000	0
1	1,265836060123984E+004	1,000000000000000E+000	4,1630793E+000	1,3025592E+003	2,105286344198201E+003	0,000000000000000E+000	0
1	1,271836060408968E+004	1,000000000000000E+000	4,1735959E+000	1,3021652E+003	2,126989531779175E+003	0,000000000000000E+000	0
1	1,277836060693953E+004	1,000000000000000E+000	4,1844273E+000	1,3017710E+003	2,148692870759820E+003	0,000000000000000E+000	0
1	1,283836060978938E+004	1,000000000000000E+000	4,1954165E+000	1,3025592E+003	2,170396240153402E+003	0,000000000000000E+000	0
1	1,286189061090699E+004	1,000000000000000E+000	4,2000251E+000	1,3031501E+003	2,178907490116306E+003	0,000000000000000E+000	0
1	1,286189261090709E+004	1,000000000000000E+000	4,1998281E+000	1,3019680E+003	2,178908213431871E+003	0,000000000000000E+000	0
2	1,286191861090832E+004	1,000000000000000E+000	4,2003398E+000	1,3098486E+003	2,178917620912340E+003	0,000000000000000E+000	0
2	1,292191861375817E+004	1,000000000000000E+000	4,2004580E+000	1,1847441E+003	2,199612776928982E+003	0,000000000000000E+000	0
2	1,298191861660802E+004	1,000000000000000E+000	4,2004189E+000	1,0960875E+003	2,218594207833862E+003	0,000000000000000E+000	0
2	1,304191861945787E+004	1,000000000000000E+000	4,2003794E+000	1,0159023E+003	2,236172467972208E+003	0,000000000000000E+000	0
2	1,310191862230771E+004	1,000000000000000E+000	4,2004580E+000	9,4320386E+002	2,252491437701925E+003	0,000000000000000E+000	0
2	1,316191862515756E+004	1,000000000000000E+000	4,2003794E+000	8,7740082E+002	2,267661902824402E+003	0,000000000000000E+000	0
2	1,322191862800741E+004	1,000000000000000E+000	4,2004189E+000	8,1691724E+002	2,281776079716254E+003	0,000000000000000E+000	0
2	1,328191863085725E+004	1,000000000000000E+000	4,2003007E+000	7,6076794E+002	2,294919632480061E+003	0,000000000000000E+000	0
2	1,334191863370710E+004	1,000000000000000E+000	4,2004976E+000	7,0954407E+002	2,307165101515808E+003	0,000000000000000E+000	0
2	1,340191863655695E+004	1,000000000000000E+000	4,2004189E+000	6,6186639E+002	2,318580071927320E+003	0,000000000000000E+000	0
2	1,346191863940679E+004	1,000000000000000E+000	4,2003398E+000	6,1714404E+002	2,329228244629686E+003	0,000000000000000E+000	0
2	1,352191864225664E+004	1,000000000000000E+000	4,2003398E+000	5,7636194E+002	2,339166771807827E+003	0,000000000000000E+000	0
2	1,358191864510649E+004	1,000000000000000E+000	4,2004580E+000	5,3853503E+002	2,348450297490132E+003	0,000000000000000E+000	0
2	1,364191864795634E+004	1,000000000000000E+000	4,2004189E+000	5,0287537E+002	2,357127789081369E+003	0,000000000000000E+000	0
2	1,370191865080618E+004	1,000000000000000E+000	4,2003794E+000	4,7135297E+002	2,365244811664666E+003	0,000000000000000E+000	0
2	1,376191865365603E+004	1,000000000000000E+000	4,2003794E+000	4,4101263E+002	2,372842898568606E+003	0,000000000000000E+000	0
2	1,382191865650588E+004	1,000000000000000E+000	4,2004189E+000	4,1323352E+002	2,379960950824754E+003	0,000000000000000E+000	0
2	1,388191865935572E+004	1,000000000000000E+000	4,2004580E+000	3,8722757E+002	2,386634397538011E+003	0,000000000000000E+000	0
2	1,394191866220557E+004	1,000000000000000E+000	4,2004580E+000	3,6338870E+002	2,392895485268826E+003	0,000000000000000E+000	0
2	1,400191866505542E+004	1,000000000000000E+000	4,2003007E+000	3,4171707E+002	2,398773597271270E+003	0,000000000000000E+000	0
2	1,406191866790527E+004	1,000000000000000E+000	4,2004580E+000	3,2103049E+002	2,404296683388010E+003	0,000000000000000E+000	0
2	1,412191867075511E+004	1,000000000000000E+000	4,2003007E+000	3,0270813E+002	2,409490202123887E+003	0,000000000000000E+000	0
2	1,418191867360496E+004	1,000000000000000E+000	4,2003398E+000	2,8537079E+002	2,414377527948337E+003	0,000000000000000E+000	0
2	1,424191867645481E+004	1,000000000000000E+000	4,2003794E+000	2,6842749E+002	2,418980616712714E+003	0,000000000000000E+000	0
2	1,430191867930465E+004	1,000000000000000E+000	4,2004189E+000	2,5227228E+002	2,423319161837438E+003	0,000000000000000E+000	0
2	1,436191868215450E+004	1,000000000000000E+000	4,2003794E+000	2,3867824E+002	2,427411056200112E+003	0,000000000000000E+000	0
2	1,442191868500435E+004	1,000000000000000E+000	4,2003794E+000	2,2528122E+002	2,431272028928155E+003	0,000000000000000E+000	0
2	1,448191868785420E+004	1,000000000000000E+000	4,2003398E+000	2,1168718E+002	2,434918726705034E+003	0,000000000000000E+000	0
2	1,454191869070404E+004	1,000000000000000E+000	4,2003794E+000	2,0124539E+002	2,438365610543484E+003	0,000000000000000E+000	0
2	1,460191869355389E+004	1,000000000000000E+000	4,2003398E+000	1,8962152E+002	2,441625687570512E+003	0,000000000000000E+000	0
2	1,466191869640374E+004	1,000000000000000E+000	4,2003007E+000	1,8036180E+002	2,444710797855021E+003	0,000000000000000E+000	0
2	1,472191869925358E+004	1,000000000000000E+000	4,2004580E+000	1,7051106E+002	2,447631790151587E+003	0,000000000000000E+000	0
2	1,478191870210343E+004	1,000000000000000E+000	4,2003794E+000	1,6144835E+002	2,450400380821652E+003	0,000000000000000E+000	0
2	1,484191870495328E+004	1,000000000000000E+000	4,2002611E+000	1,5396179E+002	2,453025781886571E+003	0,000000000000000E+000	0
2	1,490191870780312E+004	1,000000000000000E+000	4,2004189E+000	1,4549016E+002	2,455517053312124E+003	0,000000000000000E+000	0
2	1,496191871065297E+004	1,000000000000000E+000	4,2003794E+000	1,3859464E+002	2,457882967802904E+003	0,000000000000000E+000	0
2	1,502191871350282E+004	1,000000000000000E+000	4,2003794E+000	1,3150209E+002	2,460130902162653E+003	0,000000000000000E+000	0
2	1,502374071358936E+004	1,000000000000000E+000	4,2003398E+000	1,2992596E+002	2,460197380869022E+003	0,000000000000000E+000	0
2	1,502374271358945E+004	1,000000000000000E+000	4,2004189E+000	1,3130507E+002	2,460197453816282E+003	0,000000000000000E+000	0
0	1,502376871359069E+004	1,000000000000000E+000	4,1141205E+000	-1,2980391E+003	0,000000000000000E+000	6,479666476779513E-004	0
0	1,508376871644054E+004	1,000000000000000E+000	4,0621290E+000	-1,2990242E+003	0,000000000000000E+000	2,164215774739583E+001	0
0	1,514376871929038E+004	1,000000000000000E+000	4,0427113E+000	-1,2978420E+003	0,000000000000000E+000	4,328325520399305E+001	0
0	1,520376872214023E+004	1,000000000000000E+000	4,0280590E+000	-1,2980391E+003	0,000000000000000E+000	6,492444789794922E+001	0
0	1,526376872499008E+004	1,000000000000000E+000	4,0153365E+000	-1,2982360E+003	0,000000000000000E+000	8,656536705647787E+001	0
0	1,532376872783992E+004	1,000000000000000E+000	4,0032449E+000	-1,2986301E+003	0,000000000000000E+000	1,082059912310791E+002	0
0	1,538376873068977E+004	1,000000000000000E+000	3,9914286E+000	-1,2982360E+003	0,000000000000000E+000	1,298463385933431E+002	0
0	1,544376873353962E+004	1,000000000000000E+000	3,9799669E+000	-1,2984330E+003	0,000000000000000E+000	1,514863881209988E+002	0
0	1,550376873638947E+004	1,000000000000000E+000	3,9688201E+000	-1,2982360E+003	0,000000000000000E+000	1,731263086021593E+002	0
0	1,556376873923931E+004	1,000000000000000E+000	3,9577522E+000	-1,2986301E+003	0,000000000000000E+000	1,947655331793213E+002	0
0	1,562376874208916E+004	1,000000000000000E+000	3,9468813E+000	-1,2988271E+003	0,000000000000000E+000	2,164048605230035E+002	0
0	1,568376874493901E+004	1,000000000000000E+000	3,9361286E+000	-1,2980391E+003	0,000000000000000E+000	2,380440574140761E+002	0
0	1,574376874778885E+004	1,000000000000000E+000	3,9256513E+000	-1,2986301E+003	0,000000000000000E+000	2,596828267649333E+002	0
0	1,580376875063870E+004	1,000000000000000E+000	3,9150562E+000	-1,2980391E+003	0,000000000000000E+000	2,813213780919732E+002	0
0	1,586376875348855E+004	1,000000000000000E+000	3,9047368E+000	-1,2988271E+003	0,000000000000000E+000	3,029601299342177E+002	0
0	1,592376875633840E+004	1,000000000000000E+000	3,8944170E+000	-1,2988271E+003	0,000000000000000E+000	3,245982674009874E+002	0
0	1,598376875918824E+004	1,000000000000000E+000	3,8842158E+000	-1,2990242E+003	0,000000000000000E+000	3,462367126545546E+002	0
0	1,604376876203809E+004	1,000000000000000E+000	3,8741720E+000	-1,2982360E+003	0,000000000000000E+000	3,678752467870416E+002	0
0	1,610376876488794E+004	1,000000000000000E+000	3,8641281E+000	-1,2988271E+003	0,000000000000000E+000	3,895138477975125E+002	0
0	1,616376876773778E+004	1,000000000000000E+000	3,8542812E+000	-1,2988271E+003	0,000000000000000E+000	4,111525212682428E+002	0
0	1,622376877058763E+004	1,000000000000000E+000	3,8445132E+000	-1,2984330E+003	0,000000000000000E+000	4,327913512542047E+002	0
0	1,628376877343748E+004	1,000000000000000E+000	3,8348632E+000	-1,2980391E+003	0,000000000000000E+000	4,544301862795004E+002	0
0	1,634376877628732E+004	1,000000000000000E+000	3,8253708E+000	-1,2980391E+003	0,000000000000000E+000	4,760691139019098E+002	0
0	1,640376877913717E+004	1,000000000000000E+000	3,8160360E+000	-1,2982360E+003	0,000000000000000E+000	4,977079518894450E+002	0
0	1,646376878198702E+004	1,000000000000000E+000	3,8066616E+000	-1,2980391E+003	0,000000000000000E+000	5,193469731024170E+002	0
0	1,652376878483687E+004	1,000000000000000E+000	3,7972875E+000	-1,2976450E+003	0,000000000000000E+000	5,409857526363119E+002	0
0	1,658376878768671E+004	1,000000000000000E+000	3,7879527E+000	-1,2990242E+003	0,000000000000000E+000	5,626247583007134E+002	0
0	1,664376879053656E+004	1,000000000000000E+000	3,7787359E+000	-1,2976450E+003	0,000000000000000E+000	5,842636265984429E+002	0
0	1,670376879338641E+004	1,000000000000000E+000	3,7696767E+000	-1,2988271E+003	0,000000000000000E+000	6,059028523734537E+002	0
0	1,676376879623625E+004	1,000000000000000E+000	3,7606964E+000	-1,2980391E+003	0,000000000000000E+000	6,275418080248345E+002	0
0	1,682376879908610E+004	1,000000000000000E+000	3,7517161E+000	-1,2984330E+003	0,000000000000000E+000	6,491805953205702E+002	0
0	1,688376880193595E+004	1,000000000000000E+000	3,7427752E+000	-1,2984330E+003	0,000000000000000E+000	6,708193012912326E+002	0
0	1,694376880478580E+004	1,000000000000000E+000	3,7339523E+000	-1,2982360E+003	0,000000000000000E+000	6,924579290078395E+002	0
0	1,700376880763564E+004	1,000000000000000E+000	3,7253265E+000	-1,2986301E+003	0,000000000000000E+000	7,140966081739637E+002	0
0	1,706376881048549E+004	1,000000000000000E+000	3,7166219E+000	-1,2978420E+003	0,000000000000000E+000	7,357351883955891E+002	0
0	1,712376881333534E+004	1,000000000000000E+000	3,7080746E+000	-1,2982360E+003	0,000000000000000E+000	7,573739941925727E+002	0
0	1,718376881618518E+004	1,000000000000000E+000	3,6998034E+000	-1,2980391E+003	0,000000000000000E+000	7,790125632505968E+002	0
0	1,724376881903503E+004	1,000000000000000E+000	3,6914136E+000	-1,2988271E+003	0,000000000000000E+000	8,006511307731121E+002	0
0	1,730376882188488E+004	1,000000000000000E+000	3,6832211E+000	-1,2982360E+003	0,000000000000000E+000	8,222900659431967E+002	0
0	1,736376882473473E+004	1,000000000000000E+000	3,6753042E+000	-1,2982360E+003	0,000000000000000E+000	8,439286690396458E+002	0
0	1,742376882758457E+004	1,000000000000000E+000	3,6673872E+000	-1,2986301E+003	0,000000000000000E+000	8,655673491882325E+002	0
0	1,748376883043442E+004	1,000000000000000E+000	3,6597855E+000	-1,2978420E+003	0,000000000000000E+000	8,872059539270698E+002	0
0	1,754376883328427E+004	1,000000000000000E+000	3,6524200E+000	-1,2986301E+003	0,000000000000000E+000	9,088444948375109E+002	0
0	1,760376883613411E+004	1,000000000000000E+000	3,6449759E+000	-1,2984330E+003	0,000000000000000E+000	9,304828514266629E+002	0
0	1,766376883898396E+004	1,000000000000000E+000	3,6379254E+000	-1,2982360E+003	0,000000000000000E+000	9,521214639284261E+002	0
0	1,772376884183381E+004	1,000000000000000E+000	3,6309538E+000	-1,2976450E+003	0,000000000000000E+000	9,737599712528483E+002	0
0	1,778376884468365E+004	1,000000000000000E+000	3,6241398E+000	-1,2984330E+003	0,000000000000000E+000	9,953986816084121E+002	0
0	1,784376884753350E+004	1,000000000000000E+000	3,6176803E+000	-1,2988271E+003	0,000000000000000E+000	1,017037342816027E+003	0
0	1,790376885038335E+004	1,000000000000000E+000	3,6113389E+000	-1,2976450E+003	0,000000000000000E+000	1,038676025587972E+003	0
0	1,796376885323320E+004	1,000000000000000E+000	3,6051157E+000	-1,2984330E+003	0,000000000000000E+000	1,060314649261204E+003	0
0	1,802376885608304E+004	1,000000000000000E+000	3,5991681E+000	-1,2982360E+003	0,000000000000000E+000	1,081953377785916E+003	0
0	1,808376885893289E+004	1,000000000000000E+000	3,5932994E+000	-1,2982360E+003	0,000000000000000E+000	1,103592467951457E+003	0
0	1,814376886178274E+004	1,000000000000000E+000	3,5875883E+000	-1,2984330E+003	0,000000000000000E+000	1,125231347413602E+003	0
0	1,820376886463258E+004	1,000000000000000E+000	3,5820739E+000	-1,2992211E+003	0,000000000000000E+000	1,146870123886380E+003	0
0	1,826376886748243E+004	1,000000000000000E+000	3,5765991E+000	-1,2988271E+003	0,000000000000000E+000	1,168508535548096E+003	0
0	1,832376887033228E+004	1,000000000000000E+000	3,5713606E+000	-1,2980391E+003	0,000000000000000E+000	1,190147330629340E+003	0
0	1,838376887318213E+004	1,000000000000000E+000	3,5664370E+000	-1,2990242E+003	0,000000000000000E+000	1,211786150659112E+003	0
0	1,844376887603197E+004	1,000000000000000E+000	3,5613561E+000	-1,2980391E+003	0,000000000000000E+000	1,233424949566583E+003	0
0	1,850376887888182E+004	1,000000000000000E+000	3,5567477E+000	-1,2976450E+003	0,000000000000000E+000	1,255063652695719E+003	0
0	1,856376888173167E+004	1,000000000000000E+000	3,5520213E+000	-1,2982360E+003	0,000000000000000E+000	1,276702223282810E+003	0
0	1,862376888458151E+004	1,000000000000000E+000	3,5475705E+000	-1,2978420E+003	0,000000000000000E+000	1,298340984755385E+003	0
0	1,868376888743136E+004	1,000000000000000E+000	3,5430803E+000	-1,2980391E+003	0,000000000000000E+000	1,319979755525581E+003	0
0	1,874376889028121E+004	1,000000000000000E+000	3,5389447E+000	-1,2984330E+003	0,000000000000000E+000	1,341618652937690E+003	0
0	1,880376889313105E+004	1,000000000000000E+000	3,5345726E+000	-1,2984330E+003	0,000000000000000E+000	1,363257305180461E+003	0
0	1,886376889598090E+004	1,000000000000000E+000	3,5306339E+000	-1,2990242E+003	0,000000000000000E+000	1,384896046075914E+003	0
0	1,892376889883075E+004	1,000000000000000E+000	3,5263801E+000	-1,2974480E+003	0,000000000000000E+000	1,406534785329048E+003	0
0	1,898376890168060E+004	1,000000000000000E+000	3,5225201E+000	-1,2976450E+003	0,000000000000000E+000	1,428173330742663E+003	0
0	1,904376890453044E+004	1,000000000000000E+000	3,5185812E+000	-1,2980391E+003	0,000000000000000E+000	1,449812285180936E+003	0
0	1,910376890738029E+004	1,000000000000000E+000	3,5148787E+000	-1,2988271E+003	0,000000000000000E+000	1,471451236547920E+003	0
0	1,916376891023014E+004	1,000000000000000E+000	3,5109794E+000	-1,2982360E+003	0,000000000000000E+000	1,493090116999783E+003	0
0	1,922376891307998E+004	1,000000000000000E+000	3,5073557E+000	-1,2982360E+003	0,000000000000000E+000	1,514729128474528E+003	0
0	1,928376891592983E+004	1,000000000000000E+000	3,5036533E+000	-1,2984330E+003	0,000000000000000E+000	1,536368334770169E+003	0
0	1,934376891877968E+004	1,000000000000000E+000	3,4999115E+000	-1,2984330E+003	0,000000000000000E+000	1,558007580472887E+003	0
0	1,940376892162953E+004	1,000000000000000E+000	3,4963667E+000	-1,2984330E+003	0,000000000000000E+000	1,579646534486152E+003	0
0	1,946376892447937E+004	1,000000000000000E+000	3,4927037E+000	-1,2986301E+003	0,000000000000000E+000	1,601285335259603E+003	0
0	1,952376892732922E+004	1,000000000000000E+000	3,4891982E+000	-1,2976450E+003	0,000000000000000E+000	1,622923758739082E+003	0
0	1,958376893017907E+004	1,000000000000000E+000	3,4855351E+000	-1,2980391E+003	0,000000000000000E+000	1,644562222390001E+003	0
0	1,964376893302891E+004	1,000000000000000E+000	3,4819508E+000	-1,2978420E+003	0,000000000000000E+000	1,666200950690918E+003	0
0	1,970376893587876E+004	1,000000000000000E+000	3,4783666E+000	-1,2988271E+003	0,000000000000000E+000	1,687839721900025E+003	0
0	1,976376893872861E+004	1,000000000000000E+000	3,4747429E+000	-1,2992211E+003	0,000000000000000E+000	1,709478263042942E+003	0
0	1,982376894157846E+004	1,000000000000000E+000	3,4711587E+000	-1,2986301E+003	0,000000000000000E+000	1,731117171171265E+003	0
0	1,988376894442830E+004	1,000000000000000E+000	3,4672594E+000	-1,2984330E+003	0,000000000000000E+000	1,752756127031047E+003	0
0	1,994376894727815E+004	1,000000000000000E+000	3,4635174E+000	-1,2980391E+003	0,000000000000000E+000	1,774395015573527E+003	0
0	2,000376895012800E+004	1,000000000000000E+000	3,4596970E+000	-1,2986301E+003	0,000000000000000E+000	1,796034087456530E+003	0
0	2,006376895297784E+004	1,000000000000000E+000	3,4556794E+000	-1,2986301E+003	0,000000000000000E+000	1,817673070896674E+003	0
0	2,012376895582769E+004	1,000000000000000E+000	3,4518588E+000	-1,2986301E+003	0,000000000000000E+000	1,839312656876492E+003	0
0	2,018376895867754E+004	1,000000000000000E+000	3,4476836E+000	-1,2978420E+003	0,000000000000000E+000	1,860952240787286E+003	0
0	2,024376896152738E+004	1,000000000000000E+000	3,4436269E+000	-1,2988271E+003	0,000000000000000E+000	1,882591533432685E+003	0
0	2,030376896437723E+004	1,000000000000000E+000	3,4394124E+000	-1,2990242E+003	0,000000000000000E+000	1,904230860132785E+003	0
0	2,036376896722708E+004	1,000000000000000E+000	3,4351585E+000	-1,2986301E+003	0,000000000000000E+000	1,925870170078261E+003	0
0	2,042376897007693E+004	1,000000000000000E+000	3,4305501E+000	-1,2990242E+003	0,000000000000000E+000	1,947509267690837E+003	0
0	2,048376897292677E+004	1,000000000000000E+000	3,4259810E+000	-1,2984330E+003	0,000000000000000E+000	1,969148337167020E+003	0
0	2,054376897577662E+004	1,000000000000000E+000	3,4210970E+000	-1,2978420E+003	0,000000000000000E+000	1,990787468810561E+003	0
0	2,060376897862647E+004	1,000000000000000E+000	3,4160554E+000	-1,2982360E+003	0,000000000000000E+000	2,012426480060493E+003	0
0	2,066376898147631E+004	1,000000000000000E+000	3,4107776E+000	-1,2984330E+003	0,000000000000000E+000	2,034065510022990E+003	0
0	2,072376898432616E+004	1,000000000000000E+000	3,4051452E+000	-1,2982360E+003	0,000000000000000E+000	2,055704686107653E+003	0
0	2,078376898717601E+004	1,000000000000000E+000	3,3992765E+000	-1,2982360E+003	0,000000000000000E+000	2,077343952494100E+003	0
0	2,084376899002586E+004	1,000000000000000E+000	3,3931320E+000	-1,2980391E+003	0,000000000000000E+000	2,098983088956164E+003	0
0	2,090376899287570E+004	1,000000000000000E+000	3,3863573E+000	-1,2992211E+003	0,000000000000000E+000	2,120622159744806E+003	0
0	2,096376899572555E+004	1,000000000000000E+000	3,3790312E+000	-1,2986301E+003	0,000000000000000E+000	2,142260881377767E+003	0
0	2,102376899857540E+004	1,000000000000000E+000	3,3711538E+000	-1,2984330E+003	0,000000000000000E+000	2,163899915504897E+003	0
0	2,108376900142524E+004	1,000000000000000E+000	3,3622522E+000	-1,2988271E+003	0,000000000000000E+000	2,185538950827230E+003	0
0	2,114376900427509E+004	1,000000000000000E+000	3,3530748E+000	-1,2976450E+003	0,000000000000000E+000	2,207178016803182E+003	0
0	2,120376900712494E+004	1,000000000000000E+000	3,3432279E+000	-1,2988271E+003	0,000000000000000E+000	2,228816982401870E+003	0
0	2,126376900997479E+004	1,000000000000000E+000	3,3326721E+000	-1,2980391E+003	0,000000000000000E+000	2,250456145354072E+003	0
0	2,132376901282463E+004	1,000000000000000E+000	3,3212497E+000	-1,2982360E+003	0,000000000000000E+000	2,272095697423232E+003	0
0	2,138376901567448E+004	1,000000000000000E+000	3,3082912E+000	-1,2986301E+003	0,000000000000000E+000	2,293735234384088E+003	0
0	2,144376901852433E+004	1,000000000000000E+000	3,2926543E+000	-1,2982360E+003	0,000000000000000E+000	2,315374796179403E+003	0
0	2,150376902137417E+004	1,000000000000000E+000	3,2729607E+000	-1,2988271E+003	0,000000000000000E+000	2,337014303373617E+003	0
0	2,156376902422402E+004	1,000000000000000E+000	3,2454681E+000	-1,2978420E+003	0,000000000000000E+000	2,358653548735420E+003	0
0	2,162376902707387E+004	1,000000000000000E+000	3,2032840E+000	-1,2988271E+003	0,000000000000000E+000	2,380292833837891E+003	0
0	2,168376902992371E+004	1,000000000000000E+000	3,1340013E+000	-1,2976450E+003	0,000000000000000E+000	2,401932105904474E+003	0
0	2,174376903277356E+004	1,000000000000000E+000	3,0244646E+000	-1,2984330E+003	0,000000000000000E+000	2,423571550259264E+003	0
0	2,180376903562341E+004	1,000000000000000E+000	2,8611639E+000	-1,2990242E+003	0,000000000000000E+000	2,445211111953804E+003	0
0	2,183530903712148E+004	1,000000000000000E+000	2,7499728E+000	-1,2988271E+003	0,000000000000000E+000	2,456586428284709E+003	0
0	2,183531103712157E+004	1,000000000000000E+000	2,7500911E+000	-1,2988271E+003	0,000000000000000E+000	2,456587149855347E+003	0
1	2,183531503712176E+004	2,000000000000000E+000	2,9204421E+000	1,2862069E+003	7,145593939887153E-004	0,000000000000000E+000	0
1	2,189531503997161E+004	2,000000000000000E+000	3,5609229E+000	1,3021652E+003	2,170391638366699E+001	0,000000000000000E+000	0
1	2,195531504282146E+004	2,000000000000000E+000	3,5775445E+000	1,3017710E+003	4,340607794921875E+001	0,000000000000000E+000	0
1	2,201531504567130E+004	2,000000000000000E+000	3,5864460E+000	1,3015741E+003	6,510823656724718E+001	0,000000000000000E+000	0
1	2,207531504852115E+004	2,000000000000000E+000	3,5945599E+000	1,3021652E+003	8,681044518337673E+001	0,000000000000000E+000	0
1	2,213531505137100E+004	2,000000000000000E+000	3,6033039E+000	1,3025592E+003	1,085131042141385E+002	0,000000000000000E+000	0
1	2,219531505422085E+004	2,000000000000000E+000	3,6126387E+000	1,3017710E+003	1,302155757586670E+002	0,000000000000000E+000	0
1	2,225531505707069E+004	2,000000000000000E+000	3,6223280E+000	1,3013771E+003	1,519179579839410E+002	0,000000000000000E+000	0
1	2,231531505992054E+004	2,000000000000000E+000	3,6325295E+000	1,3017710E+003	1,736205237683784E+002	0,000000000000000E+000	0
1	2,237531506277039E+004	2,000000000000000E+000	3,6425338E+000	1,3037413E+003	1,953231176818848E+002	0,000000000000000E+000	0
1	2,243531506562023E+004	2,000000000000000E+000	3,6520655E+000	1,3023622E+003	2,170254870965576E+002	0,000000000000000E+000	0
1	2,249531506847008E+004	2,000000000000000E+000	3,6610854E+000	1,3013771E+003	2,387278821266683E+002	0,000000000000000E+000	0
1	2,255531507131993E+004	2,000000000000000E+000	3,6699080E+000	1,3029531E+003	2,604299464983453E+002	0,000000000000000E+000	0
1	2,261531507416978E+004	2,000000000000000E+000	3,6783371E+000	1,3025592E+003	2,821323533530002E+002	0,000000000000000E+000	0
1	2,267531507701962E+004	2,000000000000000E+000	3,6858602E+000	1,3013771E+003	3,038348696715630E+002	0,000000000000000E+000	0
1	2,273531507986947E+004	2,000000000000000E+000	3,6925559E+000	1,3019680E+003	3,255369903016493E+002	0,000000000000000E+000	0
1	2,279531508271932E+004	2,000000000000000E+000	3,6983852E+000	1,3011801E+003	3,472392892413330E+002	0,000000000000000E+000	0
1	2,285531508556916E+004	2,000000000000000E+000	3,7032299E+000	1,3023622E+003	3,689414989675564E+002	0,000000000000000E+000	0
1	2,291531508841901E+004	2,000000000000000E+000	3,7071688E+000	1,3023622E+003	3,906437657172309E+002	0,000000000000000E+000	0
1	2,297531509126886E+004	2,000000000000000E+000	3,7105954E+000	1,3023622E+003	4,123460832509359E+002	0,000000000000000E+000	0
1	2,303531509411871E+004	2,000000000000000E+000	3,7133133E+000	1,3021652E+003	4,340485946369086E+002	0,000000000000000E+000	0
1	2,309531509696855E+004	2,000000000000000E+000	3,7160704E+000	1,3015741E+003	4,557511704895019E+002	0,000000000000000E+000	0
1	2,315531509981840E+004	2,000000000000000E+000	3,7187881E+000	1,3023622E+003	4,774534266170925E+002	0,000000000000000E+000	0
1	2,321531510266825E+004	2,000000000000000E+000	3,7213483E+000	1,3027561E+003	4,991557543319363E+002	0,000000000000000E+000	0
1	2,327531510551809E+004	2,000000000000000E+000	3,7241054E+000	1,3019680E+003	5,208582328833686E+002	0,000000000000000E+000	0
1	2,333531510836794E+004	2,000000000000000E+000	3,7269807E+000	1,3011801E+003	5,425607013631864E+002	0,000000000000000E+000	0
1	2,339531511121779E+004	2,000000000000000E+000	3,7298954E+000	1,3025592E+003	5,642630438580322E+002	0,000000000000000E+000	0
1	2,345531511406763E+004	2,000000000000000E+000	3,7326131E+000	1,3019680E+003	5,859651895456950E+002	0,000000000000000E+000	0
1	2,351531511691748E+004	2,000000000000000E+000	3,7356067E+000	1,3015741E+003	6,076675140898302E+002	0,000000000000000E+000	0
1	2,357531511976733E+004	2,000000000000000E+000	3,7386787E+000	1,3019680E+003	6,293696431553142E+002	0,000000000000000E+000	0
1	2,363531512261718E+004	2,000000000000000E+000	3,7418299E+000	1,3019680E+003	6,510715920448812E+002	0,000000000000000E+000	0
1	2,369531512546702E+004	2,000000000000000E+000	3,7449021E+000	1,3015741E+003	6,727733452349175E+002	0,000000000000000E+000	0
1	2,375531512831687E+004	2,000000000000000E+000	3,7481318E+000	1,3027561E+003	6,944753553072103E+002	0,000000000000000E+000	0
1	2,381531513116672E+004	2,000000000000000E+000	3,7513223E+000	1,3021652E+003	7,161776056349690E+002	0,000000000000000E+000	0
1	2,387531513401656E+004	2,000000000000000E+000	3,7545519E+000	1,3021652E+003	7,378798463380263E+002	0,000000000000000E+000	0
1	2,393531513686641E+004	2,000000000000000E+000	3,7580180E+000	1,3017710E+003	7,595819713384332E+002	0,000000000000000E+000	0
1	2,399531513971626E+004	2,000000000000000E+000	3,7611692E+000	1,3017710E+003	7,812843996358914E+002	0,000000000000000E+000	0
1	2,405531514256611E+004	2,000000000000000E+000	3,7646747E+000	1,3023622E+003	8,029863680175104E+002	0,000000000000000E+000	0
1	2,411531514541595E+004	2,000000000000000E+000	3,7681801E+000	1,3017710E+003	8,246883163649496E+002	0,000000000000000E+000	0
1	2,417531514826580E+004	2,000000000000000E+000	3,7716067E+000	1,3019680E+003	8,463903267676460E+002	0,000000000000000E+000	0
1	2,423531515111565E+004	2,000000000000000E+000	3,7751122E+000	1,3015741E+003	8,680921583153620E+002	0,000000000000000E+000	0
1	2,429531515396549E+004	2,000000000000000E+000	3,7786572E+000	1,3025592E+003	8,897940632073976E+002	0,000000000000000E+000	0
1	2,435531515681534E+004	2,000000000000000E+000	3,7821627E+000	1,3019680E+003	9,114957240152996E+002	0,000000000000000E+000	0
1	2,441531515966519E+004	2,000000000000000E+000	3,7857075E+000	1,3021652E+003	9,331976687505427E+002	0,000000000000000E+000	0
1	2,447531516251503E+004	2,000000000000000E+000	3,7893705E+000	1,3015741E+003	9,548998598668757E+002	0,000000000000000E+000	0
1	2,453531516536488E+004	2,000000000000000E+000	3,7929549E+000	1,3013771E+003	9,766018253958470E+002	0,000000000000000E+000	0
1	2,459531516821473E+004	2,000000000000000E+000	3,7966967E+000	1,3031501E+003	9,983036477528891E+002	0,000000000000000E+000	0
1	2,465531517106458E+004	2,000000000000000E+000	3,8004777E+000	1,3019680E+003	1,020005440230577E+003	0,000000000000000E+000	0
1	2,471531517391442E+004	2,000000000000000E+000	3,8045347E+000	1,3023622E+003	1,041707679734836E+003	0,000000000000000E+000	0
1	2,477531517676427E+004	2,000000000000000E+000	3,8084340E+000	1,3019680E+003	1,063409914412706E+003	0,000000000000000E+000	0
1	2,483531517961412E+004	2,000000000000000E+000	3,8126092E+000	1,3023622E+003	1,085112083746474E+003	0,000000000000000E+000	0
1	2,489531518246396E+004	2,000000000000000E+000	3,8168631E+000	1,3027561E+003	1,106814330352241E+003	0,000000000000000E+000	0
1	2,495531518531381E+004	2,000000000000000E+000	3,8211956E+000	1,3017710E+003	1,128516706996528E+003	0,000000000000000E+000	0
1	2,501531518816366E+004	2,000000000000000E+000	3,8259223E+000	1,3013771E+003	1,150218923507216E+003	0,000000000000000E+000	0
1	2,507531519101351E+004	2,000000000000000E+000	3,8305306E+000	1,3027561E+003	1,171921315025906E+003	0,000000000000000E+000	0
1	2,513531519386335E+004	2,000000000000000E+000	3,8355327E+000	1,3021652E+003	1,193623435436944E+003	0,000000000000000E+000	0
1	2,519531519671320E+004	2,000000000000000E+000	3,8406138E+000	1,3025592E+003	1,215325399440037E+003	0,000000000000000E+000	0
1	2,525531519956305E+004	2,000000000000000E+000	3,8459311E+000	1,3019680E+003	1,237027621315308E+003	0,000000000000000E+000	0
1	2,531531520241289E+004	2,000000000000000E+000	3,8514452E+000	1,3017710E+003	1,258729604134996E+003	0,000000000000000E+000	0
1	2,537531520526274E+004	2,000000000000000E+000	3,8570778E+000	1,3023622E+003	1,280431681863607E+003	0,000000000000000E+000	0
1	2,543531520811259E+004	2,000000000000000E+000	3,8628283E+000	1,3023622E+003	1,302133515171238E+003	0,000000000000000E+000	0
1	2,549531521096244E+004	2,000000000000000E+000	3,8688941E+000	1,3021652E+003	1,323835336225451E+003	0,000000000000000E+000	0
1	2,555531521381228E+004	2,000000000000000E+000	3,8751173E+000	1,3023622E+003	1,345537306789483E+003	0,000000000000000E+000	0
1	2,561531521666213E+004	2,000000000000000E+000	3,8816161E+000	1,3021652E+003	1,367239153122423E+003	0,000000000000000E+000	0
1	2,567531521951198E+004	2,000000000000000E+000	3,8882332E+000	1,3023622E+003	1,388941098172337E+003	0,000000000000000E+000	0
1	2,573531522236182E+004	2,000000000000000E+000	3,8949685E+000	1,3031501E+003	1,410643131683621E+003	0,000000000000000E+000	0
1	2,579531522521167E+004	2,000000000000000E+000	3,9019794E+000	1,3017710E+003	1,432345366798503E+003	0,000000000000000E+000	0
1	2,585531522806152E+004	2,000000000000000E+000	3,9091480E+000	1,3013771E+003	1,454047368662584E+003	0,000000000000000E+000	0
1	2,591531523091136E+004	2,000000000000000E+000	3,9164348E+000	1,3023622E+003	1,475749309682889E+003	0,000000000000000E+000	0
1	2,597531523376121E+004	2,000000000000000E+000	3,9240365E+000	1,3019680E+003	1,497451547547608E+003	0,000000000000000E+000	0
1	2,603531523661106E+004	2,000000000000000E+000	3,9317958E+000	1,3021652E+003	1,519153704074775E+003	0,000000000000000E+000	0
1	2,609531523946091E+004	2,000000000000000E+000	3,9395945E+000	1,3017710E+003	1,540855886424968E+003	0,000000000000000E+000	0
1	2,615531524231075E+004	2,000000000000000E+000	3,9475508E+000	1,3025592E+003	1,562557885016073E+003	0,000000000000000E+000	0
1	2,621531524516060E+004	2,000000000000000E+000	3,9555860E+000	1,3021652E+003	1,584260215037503E+003	0,000000000000000E+000	0
1	2,627531524801045E+004	2,000000000000000E+000	3,9636998E+000	1,3023622E+003	1,605962420158827E+003	0,000000000000000E+000	0
1	2,633531525086029E+004	2,000000000000000E+000	3,9718924E+000	1,3019680E+003	1,627664317069635E+003	0,000000000000000E+000	0
1	2,639531525371014E+004	2,000000000000000E+000	3,9801245E+000	1,3019680E+003	1,649366416355591E+003	0,000000000000000E+000	0
1	2,645531525655999E+004	2,000000000000000E+000	3,9883564E+000	1,3031501E+003	1,671068522759467E+003	0,000000000000000E+000	0
1	2,651531525940984E+004	2,000000000000000E+000	3,9964702E+000	1,3019680E+003	1,692770350276083E+003	0,000000000000000E+000	0
1	2,657531526225968E+004	2,000000000000000E+000	4,0047021E+000	1,3027561E+003	1,714472406111993E+003	0,000000000000000E+000	0
1	2,663531526510953E+004	2,000000000000000E+000	4,0130525E+000	1,3015741E+003	1,736174549181858E+003	0,000000000000000E+000	0
1	2,669531526795938E+004	2,000000000000000E+000	4,0210481E+000	1,3011801E+003	1,757876850958659E+003	0,000000000000000E+000	0
1	2,675531527080922E+004	2,000000000000000E+000	4,0293980E+000	1,3033473E+003	1,779579068451470E+003	0,000000000000000E+000	0
1	2,681531527365907E+004	2,000000000000000E+000	4,0375118E+000	1,3021652E+003	1,801280904939575E+003	0,000000000000000E+000	0
1	2,687531527650892E+004	2,000000000000000E+000	4,0458622E+000	1,3021652E+003	1,822982751603394E+003	0,000000000000000E+000	0
1	2,693531527935877E+004	2,000000000000000E+000	4,0541334E+000	1,3019680E+003	1,844684812033827E+003	0,000000000000000E+000	0
1	2,699531528220861E+004	2,000000000000000E+000	4,0627985E+000	1,3021652E+003	1,866386673133206E+003	0,000000000000000E+000	0
1	2,705531528505846E+004	2,000000000000000E+000	4,0712671E+000	1,3019680E+003	1,888088814558038E+003	0,000000000000000E+000	0
1	2,711531528790831E+004	2,000000000000000E+000	4,0801687E+000	1,3033473E+003	1,909790951924371E+003	0,000000000000000E+000	0
1	2,717531529075815E+004	2,000000000000000E+000	4,0891094E+000	1,3033473E+003	1,931493144030897E+003	0,000000000000000E+000	0
1	2,723531529360800E+004	2,000000000000000E+000	4,0984445E+000	1,3021652E+003	1,953195350369331E+003	0,000000000000000E+000	0
1	2,729531529645785E+004	2,000000000000000E+000	4,1077790E+000	1,3023622E+003	1,974897967582669E+003	0,000000000000000E+000	0
1	2,735531529930769E+004	2,000000000000000E+000	4,1173110E+000	1,3021652E+003	1,996600422265218E+003	0,000000000000000E+000	0
1	2,741531530215754E+004	2,000000000000000E+000	4,1270399E+000	1,3017710E+003	2,018303198312853E+003	0,000000000000000E+000	0
1	2,747531530500739E+004	2,000000000000000E+000	4,1370835E+000	1,3021652E+003	2,040006139305623E+003	0,000000000000000E+000	0
1	2,753531530785724E+004	2,000000000000000E+000	4,1471276E+000	1,3027561E+003	2,061708845293851E+003	0,000000000000000E+000	0
1	2,759531531070708E+004	2,000000000000000E+000	4,1575651E+000	1,3023622E+003	2,083411713168267E+003	0,000000000000000E+000	0
1	2,765531531355693E+004	2,000000000000000E+000	4,1680026E+000	1,3023622E+003	2,105114309812283E+003	0,000000000000000E+000	0
1	2,771531531640678E+004	2,000000000000000E+000	4,1786766E+000	1,3027561E+003	2,126816967972684E+003	0,000000000000000E+000	0
1	2,777531531925662E+004	2,000000000000000E+000	4,1895871E+000	1,3017710E+003	2,148519724854465E+003	0,000000000000000E+000	0
1	2,783083332189359E+004	2,000000000000000E+000	4,2000251E+000	1,3021652E+003	2,168601022271865E+003	0,000000000000000E+000	0
1	2,783083532189368E+004	2,000000000000000E+000	4,1999068E+000	1,3017710E+003	2,168601745477974E+003	0,000000000000000E+000	0
2	2,783085932189482E+004	2,000000000000000E+000	4,2003794E+000	1,3100457E+003	2,168610428548313E+003	0,000000000000000E+000	0
2	2,789085932474467E+004	2,000000000000000E+000	4,2003794E+000	1,1849413E+003	2,189304126336534E+003	0,000000000000000E+000	0
2	2,795085932759452E+004	2,000000000000000E+000	4,2003398E+000	1,0941173E+003	2,208282628171726E+003	0,000000000000000E+000	0
2	2,801085933044436E+004	2,000000000000000E+000	4,2003007E+000	1,0143262E+003	2,225855571107720E+003	0,000000000000000E+000	0
2	2,807085933329421E+004	2,000000000000000E+000	4,2004189E+000	9,4320386E+002	2,242168376889852E+003	0,000000000000000E+000	0
2	2,813085933614406E+004	2,000000000000000E+000	4,2003794E+000	8,7700677E+002	2,257331636404148E+003	0,000000000000000E+000	0
2	2,819085933899391E+004	2,000000000000000E+000	4,2003398E+000	8,1652319E+002	2,271438929480456E+003	0,000000000000000E+000	0
2	2,825085934184375E+004	2,000000000000000E+000	4,2003794E+000	7,6057098E+002	2,284575701212396E+003	0,000000000000000E+000	0
2	2,831085934469360E+004	2,000000000000000E+000	4,2003398E+000	7,0855896E+002	2,296814360967475E+003	0,000000000000000E+000	0
2	2,837085934754345E+004	2,000000000000000E+000	4,2003794E+000	6,6088135E+002	2,308224126906366E+003	0,000000000000000E+000	0
2	2,843085935039329E+004	2,000000000000000E+000	4,2003794E+000	6,1714404E+002	2,318867759507141E+003	0,000000000000000E+000	0
2	2,849085935324314E+004	2,000000000000000E+000	4,2003794E+000	5,7636194E+002	2,328801611851637E+003	0,000000000000000E+000	0
2	2,855085935609299E+004	2,000000000000000E+000	4,2003794E+000	5,3814105E+002	2,338080839100850E+003	0,000000000000000E+000	0
2	2,861085935894283E+004	2,000000000000000E+000	4,2003007E+000	5,0287537E+002	2,346755283968404E+003	0,000000000000000E+000	0
2	2,867085936179268E+004	2,000000000000000E+000	4,2003794E+000	4,6997385E+002	2,354869346729770E+003	0,000000000000000E+000	0
2	2,873085936464253E+004	2,000000000000000E+000	4,2003794E+000	4,4081564E+002	2,362465095172340E+003	0,000000000000000E+000	0
2	2,879085936749238E+004	2,000000000000000E+000	4,2004189E+000	4,1402161E+002	2,369581522169054E+003	0,000000000000000E+000	0
2	2,885085937034222E+004	2,000000000000000E+000	4,2003794E+000	3,8742456E+002	2,376254191106890E+003	0,000000000000000E+000	0
2	2,891085937319207E+004	2,000000000000000E+000	4,2003794E+000	3,6496484E+002	2,382515592749549E+003	0,000000000000000E+000	0
2	2,897085937604192E+004	2,000000000000000E+000	4,2004580E+000	3,4191409E+002	2,388394496749404E+003	0,000000000000000E+000	0
2	2,903085937889176E+004	2,000000000000000E+000	4,2003794E+000	3,2083350E+002	2,393919880720232E+003	0,000000000000000E+000	0
2	2,909085938174161E+004	2,000000000000000E+000	4,2004580E+000	3,0270813E+002	2,399116346578725E+003	0,000000000000000E+000	0
2	2,915085938459146E+004	2,000000000000000E+000	4,2004189E+000	2,8477975E+002	2,404007416675975E+003	0,000000000000000E+000	0
2	2,921085938744131E+004	2,000000000000000E+000	4,2003794E+000	2,6803348E+002	2,408615138795539E+003	0,000000000000000E+000	0
2	2,927085939029115E+004	2,000000000000000E+000	4,2003398E+000	2,5365138E+002	2,412958298230049E+003	0,000000000000000E+000	0
2	2,933085939314100E+004	2,000000000000000E+000	4,2003398E+000	2,3789018E+002	2,417055265291112E+003	0,000000000000000E+000	0
2	2,939085939599085E+004	2,000000000000000E+000	4,2003794E+000	2,2547824E+002	2,420921307215212E+003	0,000000000000000E+000	0
2	2,945085939884069E+004	2,000000000000000E+000	4,2003007E+000	2,1188420E+002	2,424572775601010E+003	0,000000000000000E+000	0
2	2,951085940169054E+004	2,000000000000000E+000	4,2003007E+000	2,0085136E+002	2,428024770553428E+003	0,000000000000000E+000	0
2	2,957085940454039E+004	2,000000000000000E+000	4,2003007E+000	1,9100061E+002	2,431290317592299E+003	0,000000000000000E+000	0
2	2,963085940739024E+004	2,000000000000000E+000	4,2004189E+000	1,8036180E+002	2,434381767927212E+003	0,000000000000000E+000	0
2	2,969085941024008E+004	2,000000000000000E+000	4,2003794E+000	1,7090508E+002	2,437309776256197E+003	0,000000000000000E+000	0
2	2,975085941308993E+004	2,000000000000000E+000	4,2003398E+000	1,6184239E+002	2,440085224911660E+003	0,000000000000000E+000	0
2	2,981085941593978E+004	2,000000000000000E+000	4,2003007E+000	1,5337076E+002	2,442717681955465E+003	0,000000000000000E+000	0
2	2,987085941878962E+004	2,000000000000000E+000	4,2003398E+000	1,4627821E+002	2,445216238666924E+003	0,000000000000000E+000	0
2	2,993085942163947E+004	2,000000000000000E+000	4,2003398E+000	1,3898865E+002	2,447589405717545E+003	0,000000000000000E+000	0
2	2,999085942448932E+004	2,000000000000000E+000	4,2004580E+000	1,3229015E+002	2,449844765025533E+003	0,000000000000000E+000	0
2	2,999416142464615E+004	2,000000000000000E+000	4,2003398E+000	1,2992596E+002	2,449965578348516E+003	0,000000000000000E+000	0
2	2,999416342464625E+004	2,000000000000000E+000	4,2003398E+000	1,3130507E+002	2,449965651295776E+003	0,000000000000000E+000	0
0	2,999419142464758E+004	2,000000000000000E+000	4,1141996E+000	-1,2986301E+003	0,000000000000000E+000	6,484044647216796E-004	0
0	3,005419142749743E+004	2,000000000000000E+000	4,0622869E+000	-1,2984330E+003	0,000000000000000E+000	2,164296905320062E+001	0
0	3,011419143034727E+004	2,000000000000000E+000	4,0428686E+000	-1,2992211E+003	0,000000000000000E+000	4,328488918666416E+001	0
0	3,017419143319712E+004	2,000000000000000E+000	4,0284529E+000	-1,2986301E+003	0,000000000000000E+000	6,492670818005880E+001	0
0	3,023419143604697E+004	2,000000000000000E+000	4,0156517E+000	-1,2980391E+003	0,000000000000000E+000	8,656841378410340E+001	0
0	3,029419143889681E+004	2,000000000000000E+000	4,0035205E+000	-1,2990242E+003	0,000000000000000E+000	1,082096944788869E+002	0
0	3,035419144174666E+004	2,000000000000000E+000	3,9918225E+000	-1,2990242E+003	0,000000000000000E+000	1,298506465854814E+002	0
0	3,041419144459651E+004	2,000000000000000E+000	3,9804001E+000	-1,2986301E+003	0,000000000000000E+000	1,514908417018551E+002	0
0	3,047419144744636E+004	2,000000000000000E+000	3,9692140E+000	-1,2982360E+003	0,000000000000000E+000	1,731305252081214E+002	0
0	3,053419145029620E+004	2,000000000000000E+000	3,9580674E+000	-1,2982360E+003	0,000000000000000E+000	1,947697839317406E+002	0
0	3,059419145314605E+004	2,000000000000000E+000	3,9472752E+000	-1,2982360E+003	0,000000000000000E+000	2,164094305611080E+002	0
0	3,065419145599590E+004	2,000000000000000E+000	3,9365225E+000	-1,2980391E+003	0,000000000000000E+000	2,380487731184811E+002	0
0	3,071419145884574E+004	2,000000000000000E+000	3,9259665E+000	-1,2982360E+003	0,000000000000000E+000	2,596880910577985E+002	0
0	3,077419146169559E+004	2,000000000000000E+000	3,9154501E+000	-1,2974480E+003	0,000000000000000E+000	2,813271928368377E+002	0
0	3,083419146454544E+004	2,000000000000000E+000	3,9050910E+000	-1,2984330E+003	0,000000000000000E+000	3,029664220046573E+002	0
0	3,089419146739529E+004	2,000000000000000E+000	3,8948109E+000	-1,2982360E+003	0,000000000000000E+000	3,246057991579776E+002	0
0	3,095419147024513E+004	2,000000000000000E+000	3,8844914E+000	-1,2982360E+003	0,000000000000000E+000	3,462448372344886E+002	0
0	3,101419147309498E+004	2,000000000000000E+000	3,8744082E+000	-1,2980391E+003	0,000000000000000E+000	3,678839832267846E+002	0
0	3,107419147594483E+004	2,000000000000000E+000	3,8644037E+000	-1,2980391E+003	0,000000000000000E+000	3,895230302667151E+002	0
0	3,113419147879467E+004	2,000000000000000E+000	3,8546751E+000	-1,2980391E+003	0,000000000000000E+000	4,111623660525088E+002	0
0	3,119419148164452E+004	2,000000000000000E+000	3,8447888E+000	-1,2986301E+003	0,000000000000000E+000	4,328013706340111E+002	0
0	3,125419148449437E+004	2,000000000000000E+000	3,8351388E+000	-1,2978420E+003	0,000000000000000E+000	4,544405760671573E+002	0
0	3,131419148734421E+004	2,000000000000000E+000	3,8255677E+000	-1,2986301E+003	0,000000000000000E+000	4,760796712655215E+002	0
0	3,137419149019406E+004	2,000000000000000E+000	3,8159964E+000	-1,2992211E+003	0,000000000000000E+000	4,977189336090003E+002	0
0	3,143419149304391E+004	2,000000000000000E+000	3,8067405E+000	-1,2978420E+003	0,000000000000000E+000	5,193577483876461E+002	0
0	3,149419149589376E+004	2,000000000000000E+000	3,7973268E+000	-1,2982360E+003	0,000000000000000E+000	5,409970056879255E+002	0
0	3,155419149874360E+004	2,000000000000000E+000	3,7881103E+000	-1,2980391E+003	0,000000000000000E+000	5,626359581589677E+002	0
0	3,161419150159345E+004	2,000000000000000E+000	3,7789721E+000	-1,2976450E+003	0,000000000000000E+000	5,842751212156084E+002	0
0	3,167419150444330E+004	2,000000000000000E+000	3,7698343E+000	-1,2982360E+003	0,000000000000000E+000	6,059140872635820E+002	0
0	3,173419150729314E+004	2,000000000000000E+000	3,7606964E+000	-1,2986301E+003	0,000000000000000E+000	6,275527196900686E+002	0
0	3,179419151014299E+004	2,000000000000000E+000	3,7517161E+000	-1,2986301E+003	0,000000000000000E+000	6,491917811812931E+002	0
0	3,185419151299284E+004	2,000000000000000E+000	3,7426569E+000	-1,2990242E+003	0,000000000000000E+000	6,708307537959714E+002	0
0	3,191419151584269E+004	2,000000000000000E+000	3,7339916E+000	-1,2986301E+003	0,000000000000000E+000	6,924699135738713E+002	0
0	3,197419151869253E+004	2,000000000000000E+000	3,7252476E+000	-1,2978420E+003	0,000000000000000E+000	7,141088641723549E+002	0
0	3,203419152154238E+004	2,000000000000000E+000	3,7165823E+000	-1,2980391E+003	0,000000000000000E+000	7,357480828336504E+002	0
0	3,209419152439223E+004	2,000000000000000E+000	3,7080746E+000	-1,2978420E+003	0,000000000000000E+000	7,573872068250784E+002	0
0	3,215419152724207E+004	2,000000000000000E+000	3,6996458E+000	-1,2984330E+003	0,000000000000000E+000	7,790262490420108E+002	0
0	3,221419153009192E+004	2,000000000000000E+000	3,6913743E+000	-1,2976450E+003	0,000000000000000E+000	8,006655447577498E+002	0
0	3,227419153294177E+004	2,000000000000000E+000	3,6832211E+000	-1,2984330E+003	0,000000000000000E+000	8,223048160731930E+002	0
0	3,233419153579162E+004	2,000000000000000E+000	3,6751862E+000	-1,2986301E+003	0,000000000000000E+000	8,439438906880612E+002	0
0	3,239419153864146E+004	2,000000000000000E+000	3,6673479E+000	-1,2986301E+003	0,000000000000000E+000	8,655828463318464E+002	0
0	3,245419154149131E+004	2,000000000000000E+000	3,6595886E+000	-1,2980391E+003	0,000000000000000E+000	8,872219525890350E+002	0
0	3,251419154434116E+004	2,000000000000000E+000	3,6523020E+000	-1,2976450E+003	0,000000000000000E+000	9,088609335120900E+002	0
0	3,257419154719100E+004	2,000000000000000E+000	3,6448576E+000	-1,2986301E+003	0,000000000000000E+000	9,304998924327172E+002	0
0	3,263419155004085E+004	2,000000000000000E+000	3,6378074E+000	-1,2984330E+003	0,000000000000000E+000	9,521387160695308E+002	0
0	3,269419155289070E+004	2,000000000000000E+000	3,6308358E+000	-1,2980391E+003	0,000000000000000E+000	9,737776772958628E+002	0
0	3,275419155574054E+004	2,000000000000000E+000	3,6240611E+000	-1,2984330E+003	0,000000000000000E+000	9,954167294860754E+002	0
0	3,281419155859039E+004	2,000000000000000E+000	3,6174834E+000	-1,2980391E+003	0,000000000000000E+000	1,017055960742314E+003	0
0	3,287419156144024E+004	2,000000000000000E+000	3,6112208E+000	-1,2992211E+003	0,000000000000000E+000	1,038695160357183E+003	0
0	3,293419156429009E+004	2,000000000000000E+000	3,6049974E+000	-1,2978420E+003	0,000000000000000E+000	1,060334053609746E+003	0
0	3,299419156713993E+004	2,000000000000000E+000	3,5989711E+000	-1,2982360E+003	0,000000000000000E+000	1,081972585443310E+003	0
0	3,305419156998978E+004	2,000000000000000E+000	3,5931025E+000	-1,2982360E+003	0,000000000000000E+000	1,103611467859963E+003	0
0	3,311419157283963E+004	2,000000000000000E+000	3,5874307E+000	-1,2984330E+003	0,000000000000000E+000	1,125250681810023E+003	0
0	3,317419157568947E+004	2,000000000000000E+000	3,5819952E+000	-1,2982360E+003	0,000000000000000E+000	1,146889760590812E+003	0
0	3,323419157853932E+004	2,000000000000000E+000	3,5765991E+000	-1,2986301E+003	0,000000000000000E+000	1,168528613680547E+003	0
0	3,329419158138917E+004	2,000000000000000E+000	3,5713606E+000	-1,2984330E+003	0,000000000000000E+000	1,190167404705192E+003	0
0	3,335419158423902E+004	2,000000000000000E+000	3,5662796E+000	-1,2978420E+003	0,000000000000000E+000	1,211806324776671E+003	0
0	3,341419158708886E+004	2,000000000000000E+000	3,5613954E+000	-1,2982360E+003	0,000000000000000E+000	1,233445014777620E+003	0
0	3,347419158993871E+004	2,000000000000000E+000	3,5565507E+000	-1,2988271E+003	0,000000000000000E+000	1,255083661976649E+003	0
0	3,353419159278856E+004	2,000000000000000E+000	3,5519819E+000	-1,2988271E+003	0,000000000000000E+000	1,276722454862798E+003	0
0	3,359419159563840E+004	2,000000000000000E+000	3,5475705E+000	-1,2978420E+003	0,000000000000000E+000	1,298360981227544E+003	0
0	3,365419159848825E+004	2,000000000000000E+000	3,5430803E+000	-1,2982360E+003	0,000000000000000E+000	1,319999450465147E+003	0
0	3,371419160133810E+004	2,000000000000000E+000	3,5388265E+000	-1,2980391E+003	0,000000000000000E+000	1,341637657015101E+003	0
0	3,377419160418794E+004	2,000000000000000E+000	3,5346119E+000	-1,2986301E+003	0,000000000000000E+000	1,363275018921568E+003	0
0	3,383419160703779E+004	2,000000000000000E+000	3,5305157E+000	-1,2984330E+003	0,000000000000000E+000	1,384912677329364E+003	0
0	3,389419160988764E+004	2,000000000000000E+000	3,5264194E+000	-1,2996151E+003	0,000000000000000E+000	1,406550565908059E+003	0
0	3,395419161273749E+004	2,000000000000000E+000	3,5224807E+000	-1,2988271E+003	0,000000000000000E+000	1,428188937079323E+003	0
0	3,401419161558733E+004	2,000000000000000E+000	3,5186601E+000	-1,2982360E+003	0,000000000000000E+000	1,449827147778922E+003	0
0	3,407419161843718E+004	2,000000000000000E+000	3,5148787E+000	-1,2990242E+003	0,000000000000000E+000	1,471465360889884E+003	0
0	3,413419162128703E+004	2,000000000000000E+000	3,5110583E+000	-1,2978420E+003	0,000000000000000E+000	1,493103606497387E+003	0
0	3,419419162413687E+004	2,000000000000000E+000	3,5072377E+000	-1,2980391E+003	0,000000000000000E+000	1,514741796177088E+003	0
0	3,425419162698672E+004	2,000000000000000E+000	3,5034959E+000	-1,2990242E+003	0,000000000000000E+000	1,536379916905916E+003	0
0	3,431419162983657E+004	2,000000000000000E+000	3,4999115E+000	-1,2986301E+003	0,000000000000000E+000	1,558018089846047E+003	0
0	3,437419163268642E+004	2,000000000000000E+000	3,4962485E+000	-1,2976450E+003	0,000000000000000E+000	1,579656232781295E+003	0
0	3,443419163553626E+004	2,000000000000000E+000	3,4926643E+000	-1,2978420E+003	0,000000000000000E+000	1,601294622542444E+003	0
0	3,449419163838611E+004	2,000000000000000E+000	3,4889619E+000	-1,2980391E+003	0,000000000000000E+000	1,622933184701258E+003	0
0	3,455419164123596E+004	2,000000000000000E+000	3,4854562E+000	-1,2982360E+003	0,000000000000000E+000	1,644571712598665E+003	0
0	3,461419164408580E+004	2,000000000000000E+000	3,4817934E+000	-1,2988271E+003	0,000000000000000E+000	1,666210359149297E+003	0
0	3,467419164693565E+004	2,000000000000000E+000	3,4781697E+000	-1,2976450E+003	0,000000000000000E+000	1,687849170528284E+003	0
0	3,473419164978550E+004	2,000000000000000E+000	3,4745460E+000	-1,2986301E+003	0,000000000000000E+000	1,709487814879006E+003	0
0	3,479419165263535E+004	2,000000000000000E+000	3,4709222E+000	-1,2992211E+003	0,000000000000000E+000	1,731127040000873E+003	0
0	3,485419165548519E+004	2,000000000000000E+000	3,4670625E+000	-1,2984330E+003	0,000000000000000E+000	1,752767763919059E+003	0
0	3,491419165833504E+004	2,000000000000000E+000	3,4634387E+000	-1,2982360E+003	0,000000000000000E+000	1,774407984137361E+003	0
0	3,497419166118489E+004	2,000000000000000E+000	3,4595394E+000	-1,2986301E+003	0,000000000000000E+000	1,796048437928661E+003	0
0	3,503419166403473E+004	2,000000000000000E+000	3,4557581E+000	-1,2986301E+003	0,000000000000000E+000	1,817689128910310E+003	0
0	3,509419166688458E+004	2,000000000000000E+000	3,4516225E+000	-1,2988271E+003	0,000000000000000E+000	1,839329816591788E+003	0
0	3,515419166973443E+004	2,000000000000000E+000	3,4476836E+000	-1,2982360E+003	0,000000000000000E+000	1,860970410266104E+003	0
0	3,521419167258427E+004	2,000000000000000E+000	3,4435086E+000	-1,2984330E+003	0,000000000000000E+000	1,882610679620488E+003	0
0	3,527419167543412E+004	2,000000000000000E+000	3,4393334E+000	-1,2986301E+003	0,000000000000000E+000	1,904251428056157E+003	0
0	3,533419167828397E+004	2,000000000000000E+000	3,4350796E+000	-1,2982360E+003	0,000000000000000E+000	1,925892143322135E+003	0
0	3,539419168113382E+004	2,000000000000000E+000	3,4305108E+000	-1,2976450E+003	0,000000000000000E+000	1,947532980092426E+003	0
0	3,545419168398366E+004	2,000000000000000E+000	3,4257448E+000	-1,2988271E+003	0,000000000000000E+000	1,969173817190882E+003	0
0	3,551419168683351E+004	2,000000000000000E+000	3,4208608E+000	-1,2994181E+003	0,000000000000000E+000	1,990814645863910E+003	0
0	3,557419168968336E+004	2,000000000000000E+000	3,4157009E+000	-1,2982360E+003	0,000000000000000E+000	2,012455804101418E+003	0
0	3,563419169253320E+004	2,000000000000000E+000	3,4103050E+000	-1,2988271E+003	0,000000000000000E+000	2,034097083725442E+003	0
0	3,569419169538305E+004	2,000000000000000E+000	3,4048300E+000	-1,2984330E+003	0,000000000000000E+000	2,055738630515874E+003	0
0	3,575419169823290E+004	2,000000000000000E+000	3,3990796E+000	-1,2982360E+003	0,000000000000000E+000	2,077379713993657E+003	0
0	3,581419170108275E+004	2,000000000000000E+000	3,3926988E+000	-1,2982360E+003	0,000000000000000E+000	2,099020623102815E+003	0
0	3,587419170393259E+004	2,000000000000000E+000	3,3859634E+000	-1,2974480E+003	0,000000000000000E+000	2,120661247529559E+003	0
0	3,593419170678244E+004	2,000000000000000E+000	3,3786767E+000	-1,2978420E+003	0,000000000000000E+000	2,142301886952641E+003	0
0	3,599419170963229E+004	2,000000000000000E+000	3,3707597E+000	-1,2970540E+003	0,000000000000000E+000	2,163942664188970E+003	0
0	3,605419171248213E+004	2,000000000000000E+000	3,3618977E+000	-1,2976450E+003	0,000000000000000E+000	2,185583706510611E+003	0
0	3,611419171533198E+004	2,000000000000000E+000	3,3527203E+000	-1,2988271E+003	0,000000000000000E+000	2,207224580827085E+003	0
0	3,617419171818183E+004	2,000000000000000E+000	3,3427160E+000	-1,2988271E+003	0,000000000000000E+000	2,228865714109284E+003	0
0	3,623419172103168E+004	2,000000000000000E+000	3,3320024E+000	-1,2986301E+003	0,000000000000000E+000	2,250506633615849E+003	0
0	3,629419172388152E+004	2,000000000000000E+000	3,3204620E+000	-1,2990242E+003	0,000000000000000E+000	2,272147445535608E+003	0
0	3,635419172673137E+004	2,000000000000000E+000	3,3074248E+000	-1,2984330E+003	0,000000000000000E+000	2,293788053763622E+003	0
0	3,641419172958122E+004	2,000000000000000E+000	3,2915909E+000	-1,2988271E+003	0,000000000000000E+000	2,315428611647465E+003	0
0	3,647419173243106E+004	2,000000000000000E+000	3,2713852E+000	-1,2986301E+003	0,000000000000000E+000	2,337069222176505E+003	0
0	3,653419173528091E+004	2,000000000000000E+000	3,2432623E+000	-1,2984330E+003	0,000000000000000E+000	2,358709747867762E+003	0
0	3,659419173813076E+004	2,000000000000000E+000	3,2000542E+000	-1,2980391E+003	0,000000000000000E+000	2,380350529797761E+003	0
0	3,665419174098060E+004	2,000000000000000E+000	3,1296294E+000	-1,2978420E+003	0,000000000000000E+000	2,401991472744200E+003	0
0	3,671419174383045E+004	2,000000000000000E+000	3,0189109E+000	-1,2982360E+003	0,000000000000000E+000	2,423632180253219E+003	0
0	3,677419174668030E+004	2,000000000000000E+000	2,8556497E+000	-1,2984330E+003	0,000000000000000E+000	2,445273153400124E+003	0
0	3,680469174812897E+004	2,000000000000000E+000	2,7499728E+000	-1,2990242E+003	0,000000000000000E+000	2,456273990553716E+003	0
0	3,680469374812907E+004	2,000000000000000E+000	2,7501304E+000	-1,2984330E+003	0,000000000000000E+000	2,456274711905373E+003	0
1	3,680469774812926E+004	3,000000000000000E+000	2,9205604E+000	1,2871920E+003	7,151066758897570E-004	0,000000000000000E+000	0
1	3,686469775097910E+004	3,000000000000000E+000	3,5612381E+000	1,3021652E+003	2,170368566840278E+001	0,000000000000000E+000	0
1	3,692469775382895E+004	3,000000000000000E+000	3,5778594E+000	1,3015741E+003	4,340665918084039E+001	0,000000000000000E+000	0
1	3,698469775667880E+004	3,000000000000000E+000	3,5864460E+000	1,3023622E+003	6,510984613179525E+001	0,000000000000000E+000	0
1	3,704469775952864E+004	3,000000000000000E+000	3,5946779E+000	1,3021652E+003	8,681293118360732E+001	0,000000000000000E+000	0
1	3,710469776237849E+004	3,000000000000000E+000	3,6033826E+000	1,3013771E+003	1,085156093922255E+002	0,000000000000000E+000	0
1	3,716469776522834E+004	3,000000000000000E+000	3,6126387E+000	1,3019680E+003	1,302184056032986E+002	0,000000000000000E+000	0
1	3,722469776807819E+004	3,000000000000000E+000	3,6226037E+000	1,3029531E+003	1,519216948884413E+002	0,000000000000000E+000	0
1	3,728469777092803E+004	3,000000000000000E+000	3,6324899E+000	1,3017710E+003	1,736247334127468E+002	0,000000000000000E+000	0
1	3,734469777377788E+004	3,000000000000000E+000	3,6425731E+000	1,3025592E+003	1,953278714326986E+002	0,000000000000000E+000	0
1	3,740469777662773E+004	3,000000000000000E+000	3,6520655E+000	1,3019680E+003	2,170311687099881E+002	0,000000000000000E+000	0
1	3,746469777947757E+004	3,000000000000000E+000	3,6611247E+000	1,3023622E+003	2,387341927922906E+002	0,000000000000000E+000	0
1	3,752469778232742E+004	3,000000000000000E+000	3,6697111E+000	1,3021652E+003	2,604372786139594E+002	0,000000000000000E+000	0
1	3,758469778517727E+004	3,000000000000000E+000	3,6781402E+000	1,3013771E+003	2,821403106877306E+002	0,000000000000000E+000	0
1	3,764469778802712E+004	3,000000000000000E+000	3,6857419E+000	1,3025592E+003	3,038435092350938E+002	0,000000000000000E+000	0
1	3,770469779087696E+004	3,000000000000000E+000	3,6925559E+000	1,3021652E+003	3,255468648534478E+002	0,000000000000000E+000	0
1	3,776469779372681E+004	3,000000000000000E+000	3,6983459E+000	1,3009830E+003	3,472500487476264E+002	0,000000000000000E+000	0
1	3,782469779657666E+004	3,000000000000000E+000	3,7031512E+000	1,3021652E+003	3,689532953455946E+002	0,000000000000000E+000	0
1	3,788469779942650E+004	3,000000000000000E+000	3,7071688E+000	1,3011801E+003	3,906563599232991E+002	0,000000000000000E+000	0
1	3,794469780227635E+004	3,000000000000000E+000	3,7102015E+000	1,3013771E+003	4,123591828303358E+002	0,000000000000000E+000	0
1	3,800469780512620E+004	3,000000000000000E+000	3,7130375E+000	1,3023622E+003	4,340620071691217E+002	0,000000000000000E+000	0
1	3,806469780797604E+004	3,000000000000000E+000	3,7157946E+000	1,3027561E+003	4,557650203001573E+002	0,000000000000000E+000	0
1	3,812469781082589E+004	3,000000000000000E+000	3,7185123E+000	1,3029531E+003	4,774678785595703E+002	0,000000000000000E+000	0
1	3,818469781367574E+004	3,000000000000000E+000	3,7212300E+000	1,3025592E+003	4,991707738100179E+002	0,000000000000000E+000	0
1	3,824469781652559E+004	3,000000000000000E+000	3,7239873E+000	1,3027561E+003	5,208735025931803E+002	0,000000000000000E+000	0
1	3,830469781937543E+004	3,000000000000000E+000	3,7269020E+000	1,3025592E+003	5,425762022578260E+002	0,000000000000000E+000	0
1	3,836469782222528E+004	3,000000000000000E+000	3,7295802E+000	1,3015741E+003	5,642789782034640E+002	0,000000000000000E+000	0
1	3,842469782507513E+004	3,000000000000000E+000	3,7326131E+000	1,3033473E+003	5,859817988125949E+002	0,000000000000000E+000	0
1	3,848469782792497E+004	3,000000000000000E+000	3,7356067E+000	1,3019680E+003	6,076845354680718E+002	0,000000000000000E+000	0
1	3,854469783077482E+004	3,000000000000000E+000	3,7386000E+000	1,3015741E+003	6,293870758766682E+002	0,000000000000000E+000	0
1	3,860469783362467E+004	3,000000000000000E+000	3,7416723E+000	1,3031501E+003	6,510895921973333E+002	0,000000000000000E+000	0
1	3,866469783647452E+004	3,000000000000000E+000	3,7447052E+000	1,3015741E+003	6,727920763516573E+002	0,000000000000000E+000	0
1	3,872469783932436E+004	3,000000000000000E+000	3,7478561E+000	1,3025592E+003	6,944945208730738E+002	0,000000000000000E+000	0
1	3,878469784217421E+004	3,000000000000000E+000	3,7511253E+000	1,3015741E+003	7,161968142357719E+002	0,000000000000000E+000	0
1	3,884469784502406E+004	3,000000000000000E+000	3,7543156E+000	1,3019680E+003	7,378993854014077E+002	0,000000000000000E+000	0
1	3,890469784787390E+004	3,000000000000000E+000	3,7576635E+000	1,3023622E+003	7,596023614318168E+002	0,000000000000000E+000	0
1	3,896469785072375E+004	3,000000000000000E+000	3,7612085E+000	1,3013771E+003	7,813051423104517E+002	0,000000000000000E+000	0
1	3,902469785357360E+004	3,000000000000000E+000	3,7645171E+000	1,3025592E+003	8,030077905127630E+002	0,000000000000000E+000	0
1	3,908469785642345E+004	3,000000000000000E+000	3,7680225E+000	1,3019680E+003	8,247105714949543E+002	0,000000000000000E+000	0
1	3,914469785927329E+004	3,000000000000000E+000	3,7715280E+000	1,3021652E+003	8,464131462672253E+002	0,000000000000000E+000	0
1	3,920469786212314E+004	3,000000000000000E+000	3,7748365E+000	1,3023622E+003	8,681156679541015E+002	0,000000000000000E+000	0
1	3,926469786497299E+004	3,000000000000000E+000	3,7784996E+000	1,3013771E+003	8,898182931891546E+002	0,000000000000000E+000	0
1	3,932469786782283E+004	3,000000000000000E+000	3,7820051E+000	1,3015741E+003	9,115211652492268E+002	0,000000000000000E+000	0
1	3,938469787067268E+004	3,000000000000000E+000	3,7855105E+000	1,3023622E+003	9,332238530899386E+002	0,000000000000000E+000	0
1	3,944469787352253E+004	3,000000000000000E+000	3,7891343E+000	1,3029531E+003	9,549268873504639E+002	0,000000000000000E+000	0
1	3,950469787637237E+004	3,000000000000000E+000	3,7928367E+000	1,3007861E+003	9,766297094977484E+002	0,000000000000000E+000	0
1	3,956469787922222E+004	3,000000000000000E+000	3,7966573E+000	1,3015741E+003	9,983325478441026E+002	0,000000000000000E+000	0
1	3,962469788207207E+004	3,000000000000000E+000	3,8003204E+000	1,3019680E+003	1,020035158954807E+003	0,000000000000000E+000	0
1	3,968469788492192E+004	3,000000000000000E+000	3,8041408E+000	1,3019680E+003	1,041737861467014E+003	0,000000000000000E+000	0
1	3,974469788777176E+004	3,000000000000000E+000	3,8082371E+000	1,3027561E+003	1,063440631391534E+003	0,000000000000000E+000	0
1	3,980469789062161E+004	3,000000000000000E+000	3,8123336E+000	1,3027561E+003	1,085143589256592E+003	0,000000000000000E+000	0
1	3,986469789347146E+004	3,000000000000000E+000	3,8165479E+000	1,3025592E+003	1,106846277198283E+003	0,000000000000000E+000	0
1	3,992469789632130E+004	3,000000000000000E+000	3,8209200E+000	1,3019680E+003	1,128549398152805E+003	0,000000000000000E+000	0
1	3,998469789917115E+004	3,000000000000000E+000	3,8255677E+000	1,3025592E+003	1,150252226537069E+003	0,000000000000000E+000	0
1	4,004469790202100E+004	3,000000000000000E+000	3,8303335E+000	1,3021652E+003	1,171954996247423E+003	0,000000000000000E+000	0
1	4,010469790487085E+004	3,000000000000000E+000	3,8350995E+000	1,3025592E+003	1,193657804607408E+003	0,000000000000000E+000	0
1	4,016469790772069E+004	3,000000000000000E+000	3,8402987E+000	1,3025592E+003	1,215360808990885E+003	0,000000000000000E+000	0
1	4,022469791057054E+004	3,000000000000000E+000	3,8454585E+000	1,3031501E+003	1,237063710818752E+003	0,000000000000000E+000	0
1	4,028469791342039E+004	3,000000000000000E+000	3,8510513E+000	1,3021652E+003	1,258766596988525E+003	0,000000000000000E+000	0
1	4,034469791627023E+004	3,000000000000000E+000	3,8565264E+000	1,3017710E+003	1,280469440905558E+003	0,000000000000000E+000	0
1	4,040469791912008E+004	3,000000000000000E+000	3,8624344E+000	1,3025592E+003	1,302172348203396E+003	0,000000000000000E+000	0
1	4,046469792196993E+004	3,000000000000000E+000	3,8684607E+000	1,3031501E+003	1,323874936542358E+003	0,000000000000000E+000	0
1	4,052469792481977E+004	3,000000000000000E+000	3,8746445E+000	1,3027561E+003	1,345577453086751E+003	0,000000000000000E+000	0
1	4,058469792766962E+004	3,000000000000000E+000	3,8811436E+000	1,3019680E+003	1,367279910307956E+003	0,000000000000000E+000	0
1	4,064469793051947E+004	3,000000000000000E+000	3,8876030E+000	1,3019680E+003	1,388982518023952E+003	0,000000000000000E+000	0
1	4,070469793336932E+004	3,000000000000000E+000	3,8944564E+000	1,3015741E+003	1,410685093461100E+003	0,000000000000000E+000	0
1	4,076469793621916E+004	3,000000000000000E+000	3,9015462E+000	1,3025592E+003	1,432387952051527E+003	0,000000000000000E+000	0
1	4,082469793906901E+004	3,000000000000000E+000	3,9087541E+000	1,3021652E+003	1,454090867885606E+003	0,000000000000000E+000	0
1	4,088469794191886E+004	3,000000000000000E+000	3,9160802E+000	1,3031501E+003	1,475793758322414E+003	0,000000000000000E+000	0
1	4,094469794476870E+004	3,000000000000000E+000	3,9235640E+000	1,3027561E+003	1,497496548511013E+003	0,000000000000000E+000	0
1	4,100469794761855E+004	3,000000000000000E+000	3,9314020E+000	1,3021652E+003	1,519199361452433E+003	0,000000000000000E+000	0
1	4,106469795046840E+004	3,000000000000000E+000	3,9391613E+000	1,3013771E+003	1,540902272806260E+003	0,000000000000000E+000	0
1	4,112469795331825E+004	3,000000000000000E+000	3,9470782E+000	1,3021652E+003	1,562604781358574E+003	0,000000000000000E+000	0
1	4,118469795616809E+004	3,000000000000000E+000	3,9552314E+000	1,3013771E+003	1,584307245920952E+003	0,000000000000000E+000	0
1	4,124469795901794E+004	3,000000000000000E+000	3,9634240E+000	1,3013771E+003	1,606010187593926E+003	0,000000000000000E+000	0
1	4,130469796186779E+004	3,000000000000000E+000	3,9715378E+000	1,3015741E+003	1,627713133415594E+003	0,000000000000000E+000	0
1	4,136469796471763E+004	3,000000000000000E+000	3,9798486E+000	1,3021652E+003	1,649415904007432E+003	0,000000000000000E+000	0
1	4,142469796756748E+004	3,000000000000000E+000	3,9879231E+000	1,3009830E+003	1,671118348859456E+003	0,000000000000000E+000	0
1	4,148469797041733E+004	3,000000000000000E+000	3,9963126E+000	1,3025592E+003	1,692821030791965E+003	0,000000000000000E+000	0
1	4,154469797326718E+004	3,000000000000000E+000	4,0043869E+000	1,3027561E+003	1,714523566277330E+003	0,000000000000000E+000	0
1	4,160469797611702E+004	3,000000000000000E+000	4,0126586E+000	1,3019680E+003	1,736226253676147E+003	0,000000000000000E+000	0
1	4,166469797896687E+004	3,000000000000000E+000	4,0208902E+000	1,3019680E+003	1,757929030720621E+003	0,000000000000000E+000	0
1	4,172469798181672E+004	3,000000000000000E+000	4,0291224E+000	1,3033473E+003	1,779631617213134E+003	0,000000000000000E+000	0
1	4,178469798466656E+004	3,000000000000000E+000	4,0372362E+000	1,3013771E+003	1,801334256671074E+003	0,000000000000000E+000	0
1	4,184469798751641E+004	3,000000000000000E+000	4,0455861E+000	1,3017710E+003	1,823037036787109E+003	0,000000000000000E+000	0
1	4,190469799036626E+004	3,000000000000000E+000	4,0540152E+000	1,3009830E+003	1,844739762502170E+003	0,000000000000000E+000	0
1	4,196469799321610E+004	3,000000000000000E+000	4,0623655E+000	1,3015741E+003	1,866442421013997E+003	0,000000000000000E+000	0
1	4,202469799606595E+004	3,000000000000000E+000	4,0711884E+000	1,3021652E+003	1,888144908222859E+003	0,000000000000000E+000	0
1	4,208469799891580E+004	3,000000000000000E+000	4,0800505E+000	1,3021652E+003	1,909847639071926E+003	0,000000000000000E+000	0
1	4,214469800176565E+004	3,000000000000000E+000	4,0889125E+000	1,3027561E+003	1,931550242961900E+003	0,000000000000000E+000	0
1	4,220469800461549E+004	3,000000000000000E+000	4,0981688E+000	1,3023622E+003	1,953253035877821E+003	0,000000000000000E+000	0
1	4,226469800746534E+004	3,000000000000000E+000	4,1075430E+000	1,3017710E+003	1,974955799456244E+003	0,000000000000000E+000	0
1	4,232469801031519E+004	3,000000000000000E+000	4,1170354E+000	1,3013771E+003	1,996658696140204E+003	0,000000000000000E+000	0
1	4,238469801316503E+004	3,000000000000000E+000	4,1270399E+000	1,3017710E+003	2,018361545099962E+003	0,000000000000000E+000	0
1	4,244469801601488E+004	3,000000000000000E+000	4,1368866E+000	1,3017710E+003	2,040064646792873E+003	0,000000000000000E+000	0
1	4,250469801886473E+004	3,000000000000000E+000	4,1471276E+000	1,3021652E+003	2,061767854112074E+003	0,000000000000000E+000	0
1	4,256469802171458E+004	3,000000000000000E+000	4,1573682E+000	1,3025592E+003	2,083471040183851E+003	0,000000000000000E+000	0
1	4,262469802456442E+004	3,000000000000000E+000	4,1678057E+000	1,3041353E+003	2,105174119756402E+003	0,000000000000000E+000	0
1	4,268469802741427E+004	3,000000000000000E+000	4,1785192E+000	1,3021652E+003	2,126877129282226E+003	0,000000000000000E+000	0
1	4,274469803026412E+004	3,000000000000000E+000	4,1893511E+000	1,3029531E+003	2,148580256792602E+003	0,000000000000000E+000	0
1	4,280157203296549E+004	3,000000000000000E+000	4,2000251E+000	1,3025592E+003	2,169152513980373E+003	0,000000000000000E+000	0
1	4,280157403296558E+004	3,000000000000000E+000	4,1997886E+000	1,3031501E+003	2,169153237952677E+003	0,000000000000000E+000	0
2	4,280160203296691E+004	3,000000000000000E+000	4,2004976E+000	1,3108337E+003	2,169163377833591E+003	0,000000000000000E+000	0
2	4,286160203581676E+004	3,000000000000000E+000	4,2003794E+000	1,1849413E+003	2,189852754975382E+003	0,000000000000000E+000	0
2	4,292160203866661E+004	3,000000000000000E+000	4,2004189E+000	1,0958904E+003	2,208827163068847E+003	0,000000000000000E+000	0
2	4,298160204151645E+004	3,000000000000000E+000	4,2004189E+000	1,0151143E+003	2,226399127715013E+003	0,000000000000000E+000	0
2	4,304160204436630E+004	3,000000000000000E+000	4,2004976E+000	9,4320386E+002	2,242712472887403E+003	0,000000000000000E+000	0
2	4,310160204721615E+004	3,000000000000000E+000	4,2005367E+000	8,7680975E+002	2,257877745460951E+003	0,000000000000000E+000	0
2	4,316160205006599E+004	3,000000000000000E+000	4,2004580E+000	8,1711426E+002	2,271986701236301E+003	0,000000000000000E+000	0
2	4,322160205291584E+004	3,000000000000000E+000	4,2004189E+000	7,6135901E+002	2,285123326300082E+003	0,000000000000000E+000	0
2	4,328160205576569E+004	3,000000000000000E+000	4,2003398E+000	7,0954407E+002	2,297360812619391E+003	0,000000000000000E+000	0
2	4,334160205861554E+004	3,000000000000000E+000	4,2004976E+000	6,6107837E+002	2,308767937240872E+003	0,000000000000000E+000	0
2	4,340160206146538E+004	3,000000000000000E+000	4,2003794E+000	6,1773511E+002	2,319409102666998E+003	0,000000000000000E+000	0
2	4,346160206431523E+004	3,000000000000000E+000	4,2004580E+000	5,7577087E+002	2,329341928234795E+003	0,000000000000000E+000	0
2	4,352160206716508E+004	3,000000000000000E+000	4,2003794E+000	5,3814105E+002	2,338621486911078E+003	0,000000000000000E+000	0
2	4,358160207001492E+004	3,000000000000000E+000	4,2003398E+000	5,0366339E+002	2,347296789448072E+003	0,000000000000000E+000	0
2	4,364160207286477E+004	3,000000000000000E+000	4,2003794E+000	4,6879175E+002	2,355412273892839E+003	0,000000000000000E+000	0
2	4,370160207571462E+004	3,000000000000000E+000	4,2003398E+000	4,4120966E+002	2,363009854904886E+003	0,000000000000000E+000	0
2	4,376160207856447E+004	3,000000000000000E+000	4,2004976E+000	4,1421860E+002	2,370128619920959E+003	0,000000000000000E+000	0
2	4,382160208141431E+004	3,000000000000000E+000	4,2003007E+000	3,8801559E+002	2,376804221319563E+003	0,000000000000000E+000	0
2	4,388160208426416E+004	3,000000000000000E+000	4,2003794E+000	3,6457083E+002	2,383068478695288E+003	0,000000000000000E+000	0
2	4,394160208711401E+004	3,000000000000000E+000	4,2003794E+000	3,4309616E+002	2,388950760957031E+003	0,000000000000000E+000	0
2	4,400160208996385E+004	3,000000000000000E+000	4,2003794E+000	3,2181857E+002	2,394480386878967E+003	0,000000000000000E+000	0
2	4,406160209281370E+004	3,000000000000000E+000	4,2003794E+000	3,0290512E+002	2,399681929044173E+003	0,000000000000000E+000	0
2	4,412160209566355E+004	3,000000000000000E+000	4,2004189E+000	2,8537079E+002	2,404577745563270E+003	0,000000000000000E+000	0
2	4,418160209851339E+004	3,000000000000000E+000	4,2003398E+000	2,6941257E+002	2,409189653157264E+003	0,000000000000000E+000	0
2	4,424160210136324E+004	3,000000000000000E+000	4,2003398E+000	2,5306033E+002	2,413536871645559E+003	0,000000000000000E+000	0
2	4,430160210421309E+004	3,000000000000000E+000	4,2003794E+000	2,3946629E+002	2,417637069864773E+003	0,000000000000000E+000	0
2	4,436160210706294E+004	3,000000000000000E+000	4,2003794E+000	2,2508421E+002	2,421506277817985E+003	0,000000000000000E+000	0
2	4,442160210991278E+004	3,000000000000000E+000	4,2003007E+000	2,1267226E+002	2,425161203050970E+003	0,000000000000000E+000	0
2	4,448160211276263E+004	3,000000000000000E+000	4,2003794E+000	2,0203343E+002	2,428616654739100E+003	0,000000000000000E+000	0
2	4,454160211561248E+004	3,000000000000000E+000	4,2004580E+000	1,9100061E+002	2,431885947141927E+003	0,000000000000000E+000	0
2	4,460160211846232E+004	3,000000000000000E+000	4,2004189E+000	1,8114987E+002	2,434981059219657E+003	0,000000000000000E+000	0
2	4,466160212131217E+004	3,000000000000000E+000	4,2002220E+000	1,7070807E+002	2,437912461023772E+003	0,000000000000000E+000	0
2	4,472160212416202E+004	3,000000000000000E+000	4,2003398E+000	1,6223642E+002	2,440691256853172E+003	0,000000000000000E+000	0
2	4,478160212701187E+004	3,000000000000000E+000	4,2004189E+000	1,5474986E+002	2,443327240573985E+003	0,000000000000000E+000	0
2	4,484160212986171E+004	3,000000000000000E+000	4,2003794E+000	1,4588419E+002	2,445828885606223E+003	0,000000000000000E+000	0
2	4,490160213271156E+004	3,000000000000000E+000	4,2003794E+000	1,3839761E+002	2,448204718599463E+003	0,000000000000000E+000	0
2	4,496160213556141E+004	3,000000000000000E+000	4,2004189E+000	1,3189612E+002	2,450462861289859E+003	0,000000000000000E+000	0
2	4,496516613573069E+004	3,000000000000000E+000	4,2003398E+000	1,2992596E+002	2,450593334684592E+003	0,000000000000000E+000	0
3	4,496517013573088E+004	3,000000000000000E+000	4,2003794E+000	1,3169910E+002	2,450593481345283E+003	0,000000000000000E+000	0